17 2 1974 8 -33 1 31.93 
9 -8 1979 7 -35 0 31.91 
5 -10 1976 6 -34 1 31.92 
16 -3 1983 6 -34 0 31.93 
14 -9 1985 6 -34 0 31.94 
8 -10 1982 7 -34 1 31.94 
16 -6 1973 6 -35 0 31.94 
5 -9 1982 6 -34 1 31.92 
8 -11 1978 6 -34 1 31.93 
3 -8 1980 6 -34 0 31.94 
6 -10 1977 6 -34 0 31.92 
1 -15 1979 8 -34 0 31.92 
14 -6 1983 8 -35 -1 31.93 
9 -13 1984 6 -34 0 31.94 
15 -8 1981 8 -36 -1 31.89 
13 -11 1979 6 -35 1 31.94 
15 -9 1977 6 -35 0 31.93 
12 -15 1977 5 -34 0 31.91 
2 -9 1980 5 -34 1 31.9 
15 -2 1984 7 -35 1 31.93 
16 -6 1980 8 -34 0 31.92 
8 -7 1976 8 -33 0 31.94 
17 -5 1987 8 -33 0 31.94 
19 -11 1984 6 -34 0 31.94 
0 -7 1973 7 -35 0 31.92 
12 -9 1981 5 -35 0 31.91 
16 -8 1977 7 -35 0 31.94 
-2 -13 1979 6 -36 1 31.92 
12 -7 1977 7 -34 1 31.92 
17 -11 1979 7 -33 0 31.92 
12 -15 1966 8 -34 0 31.9 
3 -9 1983 6 -35 0 31.93 
7 -10 1969 7 -35 0 31.93 
17 -3 1985 6 -35 1 31.92 
18 -7 1982 7 -34 -1 31.94 
15 -10 1974 8 -33 1 31.92 
9 -8 1969 7 -33 0 31.93 
11 -13 1980 5 -34 1 31.91 
12 -9 1976 7 -34 0 31.91 
8 -9 1980 8 -32 1 31.91 
15 -9 1990 7 -35 1 31.93 
14 -9 1982 7 -35 0 31.92 
6 -2 1980 7 -34 0 31.92 
5 -11 1982 5 -33 0 31.92 
3 -3 1979 7 -33 0 31.92 
11 -15 1978 7 -34 0 31.94 
17 -2 1983 8 -34 0 31.94 
8 -5 1987 7 -36 1 31.93 
4 -11 1979 6 -34 0 31.93 
20 -7 1981 7 -34 1 31.94 
19 -7 1978 9 -34 0 31.96 
6 -14 1983 6 -33 1 31.94 
7 -8 1982 5 -33 0 31.92 
-3 -7 1982 7 -35 1 31.94 
17 -6 1987 6 -35 0 31.94 
8 -11 1990 4 -35 0 31.94 
7 -8 1981 6 -35 1 31.93 
9 -4 1983 6 -36 0 31.92 
14 -8 1980 7 -34 0 31.93 
13 -7 1977 6 -34 -1 31.93 
1 -12 1988 7 -34 0 31.92 
23 -8 1979 7 -34 1 31.91 
17 -6 1973 7 -33 0 31.92 
11 -10 1981 8 -33 0 31.93 
14 -6 1980 7 -33 1 31.93 
10 -11 1982 5 -36 0 31.93 
4 -9 1974 4 -37 0 31.94 
1 -9 1977 6 -35 0 31.93 
21 -2 1979 7 -35 0 31.91 
19 -6 1981 9 -33 -1 31.92 
15 -8 1991 9 -32 -1 31.92 
2 -10 1977 9 -32 -1 31.93 
4 -8 1978 7 -34 0 31.92 
8 -4 1982 4 -36 0 31.93 
20 -5 1977 3 -37 1 31.92 
21 -7 1981 5 -36 0 31.94 
13 -10 1977 6 -33 1 31.93 
5 -10 1980 7 -33 -1 31.93 
10 -7 1980 7 -33 0 31.93 
8 -14 1985 7 -33 0 31.94 
18 -6 1980 5 -35 0 31.92 
11 -5 1971 6 -36 0 31.92 
13 -9 1979 5 -35 0 31.93 
13 -8 1974 6 -34 1 31.93 
5 -11 1974 7 -34 0 31.92 
13 -6 1982 7 -34 0 31.91 
6 -4 1984 9 -33 1 31.91 
6 -6 1984 7 -34 0 31.91 
17 -4 1985 5 -34 -1 31.92 
-2 -12 1980 3 -36 0 31.9 
2 -11 1976 5 -36 0 31.93 
13 -13 1974 6 -36 1 31.91 
12 -7 1974 8 -33 0 31.91 
4 -6 1976 10 -31 1 31.94 
-1 -8 1978 10 -31 -1 31.94 
4 0 1982 9 -31 0 31.94 
15 -1 1981 7 -34 0 31.96 
12 -8 1986 3 -36 1 31.96 
8 -14 1979 2 -37 1 31.94 
15 -7 1973 2 -37 0 31.93 
8 -16 1972 5 -35 1 31.93 
21 -11 1969 7 -34 1 31.9 
2 -13 1969 9 -31 0 31.92 
0 -11 1979 11 -30 0 31.95 
11 -5 1975 9 -31 -1 31.92 
1 -14 1986 7 -34 1 31.92 
6 -9 1980 6 -36 1 31.93 
9 -6 1976 4 -36 0 31.92 
8 -11 1978 3 -37 0 31.92 
5 -15 1980 3 -37 0 31.93 
9 -10 1983 6 -36 1 31.93 
6 -8 1979 7 -33 0 31.95 
19 -6 1978 8 -31 0 31.95 
13 -6 1986 10 -32 -1 31.94 
14 -10 1983 9 -32 0 31.95 
17 -5 1985 7 -34 0 31.94 
3 -15 1978 5 -35 0 31.92 
15 -8 1975 4 -37 0 31.94 
22 -6 1971 4 -37 0 31.96 
1 -15 1971 5 -36 1 31.94 
11 -8 1973 6 -35 0 31.94 
10 -6 1974 9 -34 1 31.93 
13 -6 1976 8 -31 0 31.94 
-1 -10 1982 9 -31 -1 31.92 
9 -12 1984 7 -32 0 31.92 
9 -5 1979 6 -34 0 31.93 
8 -9 1983 5 -36 0 31.94 
2 -10 1971 5 -36 0 31.93 
6 -8 1972 4 -37 1 31.92 
9 -11 1963 5 -36 0 31.93 
14 -8 1958 4 -38 0 31.92 
35 -32 2012 12 -28 0 31.94 
-2 1 1995 40 -5 -1 31.94 
-8 5 1967 5 -35 0 31.95 
9 -24 2002 -2 -40 2 31.94 
6 -8 1970 2 -37 0 31.92 
7 -13 1985 -8 -49 0 31.95 
16 -18 1974 1 -38 -1 31.94 
-2 -13 1961 12 -28 -2 31.92 
5 -17 1973 13 -28 1 31.91 
-5 -14 1985 19 -23 0 31.95 
2 -8 1972 8 -31 0 31.92 
11 -14 1993 2 -37 1 31.93 
6 3 1981 8 -34 0 31.93 
6 -5 1980 -1 -40 0 31.93 
8 -12 1980 5 -35 1 31.92 
3 -11 1971 7 -33 0 31.94 
10 -18 1978 7 -33 0 31.92 
8 -13 1980 10 -32 0 31.92 
6 -8 1973 7 -33 0 31.93 
15 -5 1974 6 -35 1 31.9 
13 -4 1981 4 -37 0 31.92 
10 -12 1985 5 -35 -1 31.91 
19 -2 1973 4 -36 1 31.91 
8 -9 1975 5 -34 0 31.92 
12 -10 1978 9 -31 0 31.93 
11 -7 1982 10 -31 0 31.93 
1 -9 1975 10 -32 0 31.91 
4 -5 1986 8 -32 -1 31.92 
11 -5 1984 6 -36 1 31.94 
5 -15 1980 4 -38 0 31.92 
4 -9 1980 6 -37 0 31.93 
9 -10 1981 5 -37 1 31.93 
16 -8 1980 4 -36 0 31.93 
17 -9 1979 6 -35 -1 31.93 
3 -14 1978 7 -34 1 31.92 
17 -3 1977 7 -35 1 31.91 
12 -6 1982 6 -36 0 31.91 
4 -3 1988 -4 -45 0 31.94 
14 -3 1982 -16 -57 0 31.93 
7 -13 1962 -17 -55 0 31.92 
22 -12 1967 -9 -50 0 31.92 
20 -17 1967 6 -35 0 31.94 
10 -16 1975 16 -25 0 31.95 
8 -8 1979 17 -23 0 31.95 
11 -5 1977 19 -22 0 31.93 
7 -10 1983 19 -23 1 31.93 
12 -10 1981 14 -27 1 31.92 
8 -6 1987 9 -31 1 31.93 
10 -10 1977 6 -34 0 31.94 
6 -15 1971 7 -34 0 31.95 
6 -10 1981 8 -32 -1 31.94 
4 -8 1973 9 -33 0 31.91 
13 -11 1972 10 -31 1 31.93 
9 -6 1982 10 -30 1 31.94 
13 -5 1984 11 -29 1 31.94 
10 -4 1975 11 -29 0 31.96 
8 -4 1985 5 -34 1 31.96 
10 -9 1975 0 -40 1 31.92 
12 -11 1978 -2 -42 1 31.92 
10 -16 1979 0 -40 1 31.95 
10 -13 1970 5 -35 0 31.94 
14 -12 1970 11 -30 0 31.93 
5 -9 1973 12 -28 0 31.94 
6 -1 1980 12 -28 1 31.94 
-3 -8 1985 5 -35 0 31.92 
6 -10 1980 3 -38 0 31.95 
8 -7 1976 5 -38 -1 31.96 
12 -11 1969 7 -34 1 31.93 
10 -10 1976 8 -32 1 31.92 
11 -7 1987 8 -33 0 31.94 
0 -11 1985 8 -31 0 31.94 
10 -7 1980 8 -33 0 31.93 
12 -7 1987 6 -33 -1 31.92 
14 -10 1982 6 -33 0 31.95 
8 -6 1981 7 -34 0 31.92 
6 -9 1975 4 -34 -1 31.92 
3 -10 1983 6 -35 0 31.93 
7 -7 1978 7 -35 1 31.92 
6 -5 1975 8 -34 0 31.94 
15 -3 1976 6 -33 1 31.94 
8 -13 1978 6 -33 0 31.91 
15 -8 1978 7 -34 -1 31.94 
14 -13 1973 7 -34 0 31.95 
16 -8 1980 7 -34 1 31.92 
17 -9 1980 7 -33 0 31.9 
9 -9 1981 6 -33 1 31.92 
11 -5 1986 6 -34 1 31.94 
22 -5 1983 7 -34 0 31.93 
8 -16 1981 8 -35 1 31.94 
14 -8 1981 7 -35 0 31.94 
17 -2 1975 5 -36 1 31.93 
11 -5 1978 5 -36 0 31.92 
12 -5 1970 6 -35 0 31.92 
15 -6 1973 6 -33 0 31.92 
15 -8 1982 7 -33 -1 31.94 
11 -11 1978 7 -34 0 31.94 
7 -9 1978 8 -33 1 31.94 
9 -12 1981 6 -34 -1 31.91 
16 -10 1976 6 -35 0 31.94 
19 -6 1975 6 -34 0 31.94 
1 -8 1975 6 -34 0 31.92 
6 -8 1985 7 -35 -1 31.92 
9 -10 1977 5 -34 0 31.94 
16 -11 1975 7 -34 2 31.94 
14 -8 1974 8 -33 0 31.94 
6 -10 1971 8 -34 0 31.92 
18 -9 1977 8 -34 -1 31.93 
9 -10 1976 7 -34 0 31.94 
18 -4 1975 5 -34 1 31.94 
16 -7 1984 7 -33 1 31.93 
16 -14 1971 7 -34 1 31.92 
12 -11 1972 7 -34 0 31.93 
11 -12 1979 7 -35 -1 31.93 
5 -9 1983 7 -34 1 31.91 
8 -6 1989 7 -34 0 31.92 
7 -6 1984 7 -35 0 31.9 
9 -5 1982 7 -36 0 31.92 
-3 -12 1980 6 -34 -1 31.91 
11 -9 1985 7 -35 -1 31.9 
6 -11 1981 7 -36 0 31.94 
8 -8 1971 7 -35 1 31.91 
1 -12 1968 7 -36 0 31.94 
17 -7 1980 8 -34 -1 31.92 
1 -8 1983 7 -34 0 31.94 
7 -10 1977 7 -32 1 31.94 
6 -6 1976 8 -34 0 31.92 
8 -7 1978 6 -34 0 31.94 
8 -10 1976 7 -34 0 31.94 
5 -10 1981 5 -34 1 31.93 
5 -6 1963 7 -35 0 31.93 
11 -6 1982 6 -35 0 31.93 
12 -8 1969 7 -35 0 31.94 
2 -9 1969 7 -33 1 31.93 
7 -11 1967 6 -34 0 31.94 
13 -9 1972 6 -35 1 31.94 
-1 -15 1975 6 -35 -1 31.92 
7 -12 1974 7 -33 0 31.95 
15 -8 1970 6 -34 0 31.94 
-3 -9 1977 8 -34 -1 31.92 
3 -13 1981 8 -33 0 31.95 
6 -7 1983 7 -33 0 31.93 
11 -3 1978 6 -34 0 31.93 
11 -8 1980 5 -35 1 31.91 
15 -3 1982 6 -35 -1 31.95 
6 -9 1987 7 -35 -1 31.94 
7 -7 1990 6 -34 -1 31.92 
3 -16 1989 7 -34 1 31.92 
16 -13 1978 7 -34 0 31.95 
10 -8 1977 7 -34 0 31.97 
21 -3 1979 6 -34 1 31.94 
14 -7 1976 6 -34 1 31.94 
7 -13 1975 5 -35 0 31.93 
12 -8 1976 4 -36 0 31.92 
16 -6 1983 5 -35 -1 31.93 
18 -5 1978 6 -34 1 31.95 
14 -8 1969 6 -34 1 31.94 
20 -5 1980 8 -34 0 31.93 
2 -13 1976 8 -33 0 31.94 
7 -10 1975 8 -34 0 31.92 
9 -7 1980 7 -34 0 31.93 
8 -12 1984 4 -36 1 31.95 
16 -5 1984 4 -36 0 31.91 
2 -12 1980 5 -36 1 31.93 
11 -8 1977 5 -36 1 31.93 
17 -6 1981 5 -36 0 31.94 
15 -6 1980 5 -35 1 31.93 
20 -7 1969 7 -33 0 31.93 
8 -9 1975 10 -32 0 31.91 
11 -5 1983 9 -31 0 31.92 
13 -8 1995 9 -33 0 31.94 
5 -6 1982 5 -36 0 31.94 
8 -7 1977 1 -39 0 31.92 
15 -8 1981 4 -38 1 31.95 
4 -11 1978 6 -36 0 31.94 
8 -6 1974 8 -33 1 31.93 
3 -6 1983 9 -32 1 31.93 
11 -3 1980 10 -31 0 31.92 
2 -9 1982 9 -33 0 31.92 
9 -12 1987 7 -36 1 31.93 
6 -13 1979 5 -36 -1 31.95 
5 -15 1980 4 -36 0 31.92 
15 -8 1977 6 -36 0 31.92 
13 -8 1979 8 -34 -1 31.9 
8 -13 1979 8 -34 1 31.94 
7 -9 1978 9 -33 1 31.93 
12 -6 1981 7 -34 -1 31.93 
11 -4 1972 8 -34 0 31.92 
1 -5 1983 7 -34 1 31.94 
8 -9 1975 5 -36 0 31.94 
4 -9 1977 4 -38 0 31.94 
17 -11 1973 4 -36 1 31.92 
8 -7 1976 6 -35 0 31.94 
0 -11 1980 8 -33 1 31.94 
10 -18 1957 11 -31 0 31.95 
30 -48 1892 75 33 -2 31.94 
-15 4 2003 109 69 -3 31.92 
-30 14 2045 31 -11 -1 31.95 
-41 29 2043 31 4 -3 31.94 
42 -2 1963 11 -30 0 31.95 
10 -5 1975 9 -39 1 31.95 
-7 1 1986 9 -33 0 31.94 
-9 -4 1996 8 -29 0 31.96 
9 -10 1981 8 -32 0 31.95 
14 0 1974 8 -33 -1 31.95 
9 -4 1980 8 -33 0 31.96 
10 -3 1971 8 -32 0 31.92 
7 0 1978 8 -34 0 31.94 
19 -2 1980 8 -34 1 31.95 
-9 -9 1978 7 -33 0 31.93 
18 -1 1983 7 -32 -1 31.95 
2 -9 1978 8 -33 -1 31.94 
-1 -3 1977 6 -34 0 31.96 
11 -1 1977 7 -35 0 31.97 
6 -10 1967 6 -35 0 31.96 
10 -10 1972 6 -35 0 31.94 
15 -3 1977 7 -35 0 31.95 
4 -6 1980 7 -34 0 31.97 
-5 -8 1978 5 -34 -1 31.94 
10 -1 1983 7 -33 0 31.95 
2 -6 1982 6 -34 0 31.94 
11 -4 1982 8 -33 1 31.96 
12 -8 1978 10 -31 0 31.93 
3 -6 1985 10 -30 1 31.94 
12 -3 1980 13 -27 1 31.94 
-3 -12 1984 15 -25 0 31.95 
1 -13 1987 18 -21 0 31.94 
107 -609 1995 500 85 -7 31.96 
69 -319 2274 736 1074 311 31.93 
564 308 1526 771 1946 678 31.94 
716 -6 1575 712 3468 1029 31.92 
568 -180 1680 1156 5373 1183 31.94 
291 -197 1706 1842 6948 1194 31.93 
-784 102 929 746 4761 682 31.94 
-1547 122 1424 489 343 -88 31.94 
-1648 691 1526 113 -3242 -745 31.95 
1508 -194 1493 -1293 -2738 -726 31.94 
1635 -226 1040 -216 1821 248 31.94 
-1014 -78 1579 -237 1449 313 31.94 
-1524 -55 2847 -51 -1716 -112 31.92 
-614 47 2275 1155 459 -9 31.92 
-953 618 1970 78 -969 104 31.92 
309 -425 1935 474 -32 84 31.93 
-589 527 1764 220 -582 123 31.93 
221 -191 1865 283 -40 25 31.92 
-802 478 1958 189 -75 20 31.94 
-58 -107 1991 13 -151 15 31.95 
-547 336 1928 114 -28 7 31.94 
-124 -98 1982 -51 -188 -32 31.93 
-390 55 2006 364 -195 -308 31.94 
-373 -210 1987 274 -555 -611 31.92 
-497 542 2014 -570 -1206 -1162 31.94 
-536 472 2049 -613 -1798 -856 31.94 
-446 236 1986 -781 -2473 -927 31.94 
-360 271 1901 -1083 -2928 -929 31.92 
-241 316 1852 -1451 -3117 -814 31.92 
-139 198 1995 -1868 -3180 -605 31.93 
-159 583 2260 -350 -3984 -895 31.94 
610 17 1774 -162 -219 -345 31.95 
994 -310 1717 -28 -337 162 31.96 
115 -134 2052 57 -56 287 31.95 
21 48 1985 9 11 196 31.92 
86 -20 1932 -21 -57 45 31.96 
2 2 2002 1 -38 6 31.94 
-23 -6 1993 4 -29 1 31.93 
10 -2 1967 5 -30 0 31.94 
6 -3 1973 3 -42 -1 31.92 
-78 -57 1983 1 -36 -28 31.93 
-155 -75 1978 -2 -42 -184 31.92 
-93 -34 1972 -1 -43 -320 31.95 
186 97 1969 4 -42 -238 31.96 
53 9 2001 7 -31 -38 31.94 
10 -8 1974 7 -30 -6 31.92 
9 -8 1963 7 -39 -1 31.97 
9 -3 1992 7 -35 0 31.94 
-7 -2 1989 6 -32 -1 31.95 
14 -1 1984 7 -32 1 31.95 
14 -9 1982 6 -38 0 31.94 
3 -5 1979 6 -36 0 31.93 
-10 -10 1985 6 -34 -1 31.93 
-3 -7 1970 5 -33 0 31.92 
0 -3 1979 7 -34 0 31.93 
10 -5 1976 6 -35 1 31.93 
9 -1 1969 6 -33 1 31.94 
-3 -6 1968 6 -34 1 31.94 
6 -9 1981 8 -33 0 31.92 
4 -8 1975 6 -35 0 31.91 
-6 -11 1970 5 -35 1 31.93 
2 -4 1985 6 -35 0 31.93 
-3 -11 1978 6 -34 1 31.92 
-7 -8 1989 6 -34 1 31.93 
1 -7 1984 6 -33 0 31.96 
5 -9 1983 6 -35 1 31.95 
3 -4 1979 7 -34 0 31.94 
10 -1 1983 7 -34 0 31.92 
16 -1 1977 7 -34 0 31.97 
4 -4 1979 6 -34 0 31.96 
-4 0 1981 7 -35 0 31.96 
-7 -10 1982 6 -35 1 31.93 
-7 -7 1979 7 -35 0 31.94 
6 -17 1980 6 -35 0 31.93 
57 21 1961 36 -11 19 31.94 
56 -343 1994 490 87 110 31.93 
-139 182 2229 384 622 561 31.94 
36 -68 1930 515 673 801 31.94 
169 -231 2013 844 877 1054 31.95 
133 -382 2145 1548 1349 1224 31.94 
277 -587 2203 2825 2144 1315 31.93 
370 -628 2127 4491 3133 1332 31.95 
-1036 511 4099 5917 3979 1325 31.94 
-2695 694 1809 4429 59 900 31.97 
-1177 560 1187 3188 -3425 470 31.95 
-1054 2825 2743 -95 -4728 670 31.93 
3007 -530 1252 300 -700 299 31.95 
-397 1233 546 -572 2005 256 31.94 
-71 -755 2930 -1623 1329 168 31.93 
-562 592 2011 -1 702 -339 31.91 
116 -182 2154 -482 -257 -361 31.94 
-464 632 1932 466 72 -321 31.95 
-116 122 2126 -23 -580 5 31.94 
-196 589 1852 555 -176 80 31.92 
188 416 1791 -118 -200 13 31.94 
-17 458 1843 -18 304 -57 31.95 
-43 390 1887 -436 194 -81 31.95 
-158 353 1962 -237 343 -89 31.96 
-197 323 2008 -280 139 -59 31.94 
-223 285 2047 13 31 -12 31.94 
-146 353 1963 65 -151 22 31.95 
-93 359 1925 120 -159 30 31.97 
-45 418 1878 61 -92 12 31.95 
-67 388 1904 -12 -18 -4 31.93 
-60 408 1886 -88 46 -23 31.94 
-53 401 1882 -183 141 -47 31.93 
-73 394 1895 -280 231 -71 31.93 
-87 375 1908 -352 302 -89 31.95 
-115 351 1942 -389 340 -106 31.94 
-144 290 1996 -357 303 -146 31.94 
-321 328 2045 -290 16 -291 31.96 
-512 454 2045 -503 -715 -467 31.93 
-574 533 2026 -901 -1641 -617 31.92 
-556 601 1972 -1526 -2801 -761 31.94 
-534 1077 2410 -2351 -3645 -796 31.94 
896 913 952 -5066 -686 -223 31.97 
767 636 832 -6909 -111 353 31.95 
1429 -2521 1511 -1434 -1987 231 31.93 
460 239 981 -413 -957 -234 31.94 
1170 -979 1304 -2074 530 196 31.97 
-488 129 1258 824 878 317 31.96 
488 -298 2238 -367 -356 466 31.94 
697 -343 1095 -75 -236 277 31.92 
580 -197 1265 453 294 302 31.92 
-335 -182 2254 109 142 158 31.93 
-146 -32 2106 26 29 22 31.94 
72 -17 1939 8 -42 5 31.94 
11 -17 1973 6 -44 2 31.94 
-30 -7 1995 6 -32 0 31.95 
3 -3 1974 8 -29 -1 31.93 
6 -15 1976 9 -35 -1 31.92 
1 -3 1982 10 -32 0 31.93 
4 -5 1988 11 -27 1 31.94 
11 -12 1970 15 -27 1 31.95 
74 -279 1978 176 5 -2 31.95 
227 439 1661 516 233 39 31.95 
123 22 1945 571 497 42 31.94 
-8 -174 2125 731 582 55 31.93 
218 -312 2061 1428 903 217 31.95 
353 -432 2049 2491 1753 501 31.93 
405 -609 2086 3721 2718 780 31.93 
580 -596 2232 5371 3782 1054 31.95 
-1980 345 1771 4952 1667 1303 31.94 
-1969 1149 1057 4094 -2191 724 31.93 
-615 1471 507 2119 -4388 762 31.94 
-737 1591 2744 -1151 -3998 1192 31.93 
1116 847 1802 1539 1261 463 31.92 
123 1787 189 -2327 2191 986 31.94 
661 -1668 3224 -1842 1728 500 31.93 
-1305 874 1999 -199 977 -157 31.95 
203 -392 2248 -734 -82 -209 31.92 
-862 696 2065 418 252 -21 31.92 
211 -88 2029 81 -648 93 31.94 
-171 597 1817 632 -170 102 31.94 
-113 470 1877 76 255 -35 31.94 
-125 378 1927 -257 403 -94 31.95 
-151 330 1949 -426 237 -83 31.94 
-255 252 2049 -140 213 -54 31.96 
-206 317 1988 -116 -43 -9 31.95 
-204 221 2050 123 -78 8 31.94 
-207 25 2090 290 -414 -50 31.92 
-227 170 2197 686 -807 -410 31.94 
-140 317 1999 975 -1169 -746 31.94 
-120 293 1983 1051 -1417 -1080 31.93 
-67 374 1936 1130 -1560 -1326 31.93 
-111 490 1879 1066 -1618 -1406 31.93 
241 1139 1432 -414 -193 -889 31.93 
-139 869 1650 -969 -302 -491 31.95 
-326 935 1673 -1858 8 -178 31.95 
-225 921 1606 -2822 180 33 31.96 
-89 689 1616 -3726 84 285 31.97 
-73 531 1780 -4530 -89 424 31.96 
79 301 1690 -5147 -251 545 31.97 
145 212 2977 -5683 -91 594 31.94 
-1793 -524 4286 -1277 497 -85 31.94 
562 -661 1773 -69 135 157 31.96 
-53 -152 1989 6 -66 150 31.96 
-114 -11 2060 1 5 58 31.97 
-3 -3 1990 4 -17 38 31.96 
6 5 1967 5 -32 49 31.94 
11 0 1974 6 -46 18 31.95 
-15 -5 1989 7 -34 3 31.94 
1 8 1975 6 -31 7 31.94 
10 80 1964 5 -36 45 31.96 
-3 119 1991 6 -32 161 31.91 
10 -184 1987 10 -22 159 31.92 
13 -71 1984 7 -38 33 31.92 
-8 -12 1984 6 -33 5 31.94 
18 0 1974 8 -32 1 31.94 
20 -4 1977 7 -35 0 31.95 
6 -5 1974 7 -37 0 31.96 
-1 -6 1985 6 -34 0 31.95 
7 -4 1975 6 -32 -1 31.95 
-3 -9 1973 6 -34 0 31.96 
34 -35 1954 12 -33 2 31.95 
93 -77 2020 151 28 202 31.98 
-29 183 1837 704 352 330 31.95 
167 -14 1934 783 730 542 31.95 
320 28 1867 919 1557 657 31.95 
743 -331 1771 1376 3119 797 31.93 
932 -478 1680 2355 4911 824 31.96 
79 -356 1799 3838 7299 851 31.93 
-3416 814 2274 2059 3406 236 31.95 
-776 5 638 847 -1123 -395 31.94 
708 -112 1887 660 2268 -741 31.94 
-917 912 1482 -1085 1062 -385 31.96 
594 -1130 2332 -691 327 -208 31.95 
-1588 691 2276 740 144 -48 31.94 
434 -494 2014 51 -720 85 31.93 
149 -189 1960 249 -1132 196 31.95 
-488 594 1794 926 -230 116 31.92 
139 147 1783 -24 -423 62 31.93 
-323 371 1856 173 245 -31 31.94 
-8 240 1796 -484 35 -54 31.92 
-345 263 1927 -355 513 -125 31.95 
-237 86 1990 -534 276 -99 31.97 
-402 117 2054 -239 306 -80 31.95 
-321 108 1996 -195 31 -29 31.96 
-402 132 2018 29 -16 -1 31.93 
-307 171 1963 150 -153 30 31.94 
-289 175 1943 122 -208 37 31.93 
-281 169 1956 147 -179 34 31.92 
-283 171 1968 160 -225 40 31.95 
-295 158 1960 213 -245 48 31.95 
-284 197 1950 231 -266 51 31.94 
-261 211 1925 207 -245 44 31.93 
-253 205 1921 156 -200 25 31.93 
-239 94 1990 160 -220 -87 31.94 
-322 142 2002 271 -387 -395 31.95 
-467 331 1971 108 -770 -615 31.95 
-566 443 1947 -372 -1436 -737 31.94 
-582 514 1916 -1022 -2217 -747 31.94 
-566 577 1871 -1722 -2956 -679 31.95 
-540 586 1831 -2649 -3815 -516 31.92 
-197 1362 2169 -3657 -4631 -298 31.94 
2199 -1494 1436 -708 -2723 -85 31.95 
124 75 1140 -748 -1482 -96 31.95 
640 -1126 527 -2093 655 60 31.94 
574 361 1914 769 160 253 31.93 
462 -184 1723 -172 -262 202 31.94 
184 -192 1746 33 -56 142 31.93 
-333 14 2495 92 82 83 31.93 
123 -20 1902 7 -55 3 31.94 
22 6 1975 5 -52 2 31.96 
-40 0 2018 6 -27 0 31.93 
29 -15 1956 6 -39 1 31.93 
11 -13 1957 4 -44 2 31.92 
-4 -3 1985 7 -35 0 31.94 
13 -8 1971 7 -33 -2 31.93 
16 -3 1963 6 -38 0 31.94 
-3 -9 1980 6 -35 0 31.94 
19 -1 1977 7 -32 0 31.98 
6 -4 1972 7 -35 -1 31.97 
3 -9 1980 8 -36 1 31.94 
-2 -9 1973 6 -35 2 31.96 
-3 0 1976 6 -36 1 31.94 
8 -2 1985 7 -35 0 31.93 
-3 -6 1983 6 -34 0 31.95 
2 -8 1979 4 -34 0 31.95 
14 -3 1973 6 -34 0 31.95 
5 0 1977 6 -36 0 31.94 
5 -5 1976 5 -35 0 31.95 
0 -2 1977 5 -36 1 31.93 
10 -2 1984 5 -36 -1 31.93 
11 -5 1980 5 -36 1 31.96 
8 -6 1985 6 -35 1 31.96 
-5 -2 1984 6 -36 1 31.94 
13 -1 1980 5 -35 0 31.94 
17 -1 1977 5 -35 0 31.96 
15 2 1972 5 -36 1 31.94 
20 1 1979 6 -35 0 31.95 
-3 -3 1974 7 -35 0 31.95 
-11 -9 1967 5 -35 0 31.96 
3 -3 1970 6 -35 0 31.94 
18 -3 1978 5 -34 1 31.95 
12 2 1978 7 -35 1 31.93 
6 -4 1979 6 -35 0 31.95 
-9 -2 1982 7 -34 0 31.96 
6 3 1978 6 -34 0 31.95 
14 5 1980 5 -35 0 31.96 
0 -4 1983 7 -35 -1 31.95 
-1 -10 1974 5 -35 1 31.93 
24 -2 1974 5 -35 -1 31.95 
3 -5 1977 5 -34 2 31.96 
3 -9 1979 6 -35 0 31.94 
12 -2 1978 7 -34 1 31.94 
-6 -13 1972 6 -34 0 31.95 
-6 -8 1977 7 -34 0 31.93 
1 -4 1986 6 -33 0 31.94 
5 -3 1979 7 -34 1 31.94 
16 1 1982 7 -34 0 31.92 
13 -6 1974 7 -35 1 31.94 
21 -1 1975 7 -35 0 31.94 
2 -4 1981 8 -35 0 31.95 
4 -7 1986 6 -34 0 31.96 
14 1 1982 6 -34 0 31.96 
2 -6 1981 7 -33 0 31.94 
-9 -10 1974 6 -34 0 31.96 
2 -9 1976 7 -34 0 31.93 
7 -8 1969 6 -35 1 31.94 
-7 -9 1982 7 -33 0 31.94 
-7 -2 1978 4 -36 0 31.93 
3 -4 1981 2 -38 1 31.92 
11 -7 1979 3 -40 2 31.93 
-1 -3 1974 2 -40 0 31.94 
8 -9 1981 5 -37 0 31.96 
17 -2 1980 8 -34 0 31.96 
8 -4 1982 8 -32 1 31.96 
10 -1 1984 9 -33 0 31.94 
9 -4 1982 8 -33 1 31.92 
-3 -7 1979 6 -38 1 31.93 
10 -6 1979 2 -39 0 31.92 
9 -7 1985 0 -42 1 31.93 
2 -7 1982 -1 -43 -1 31.96 
5 -1 1971 0 -42 1 31.94 
-6 -10 1975 1 -40 0 31.95 
3 -9 1977 3 -38 0 31.95 
1 -8 1976 5 -35 0 31.96 
13 -3 1978 5 -36 0 31.91 
-3 -12 1984 6 -36 -1 31.96 
12 -3 1974 4 -37 1 31.94 
-1 -9 1977 2 -39 0 31.94 
-6 -10 1974 3 -39 0 31.94 
3 -8 1980 2 -38 0 31.93 
7 -2 1976 4 -37 1 31.95 
3 -2 1976 4 -38 1 31.93 
-1 -9 1972 5 -36 0 31.92 
15 0 1978 6 -34 0 31.96 
15 -3 1974 5 -36 1 31.95 
-1 -14 1980 5 -37 0 31.94 
-4 -14 1982 4 -39 0 31.91 
-2 -11 1977 2 -41 0 31.93 
2 -5 1978 3 -39 0 31.94 
11 -9 1979 3 -39 -1 31.94 
-3 -10 1973 5 -37 0 31.94 
8 -6 1977 7 -35 1 31.94 
-7 -4 1974 6 -35 0 31.95 
5 -6 1984 5 -34 0 31.95 
3 -8 1976 5 -36 0 31.93 
25 -4 1978 3 -39 1 31.95 
4 -14 1980 2 -40 1 31.94 
-2 -10 1974 3 -39 0 31.95 
1 -9 1980 3 -37 1 31.95 
-6 -10 1979 6 -36 1 31.94 
6 -9 1979 6 -34 0 31.98 
14 -9 1976 6 -35 -1 31.94 
10 -10 1975 5 -37 -1 31.95 
-5 -11 1978 5 -38 0 31.95 
15 -5 1973 4 -39 0 31.95 
-2 -6 1980 3 -38 0 31.95 
-3 -7 1980 2 -38 0 31.93 
20 -7 1977 5 -37 0 31.94 
14 -11 1978 5 -35 0 31.94 
2 -11 1973 4 -36 0 31.95 
12 -12 1980 7 -36 1 31.97 
22 -4 1975 5 -37 0 31.93 
15 -7 1988 5 -38 -1 31.95 
6 -7 1983 4 -38 0 31.94 
5 -5 1974 4 -38 0 31.95 
-33 26 2065 -14 -57 0 31.93 
-23 -5 1925 -87 -148 -6 31.95 
-52 409 1722 49 19 126 31.92 
11 408 2098 262 269 378 31.95 
-74 23 1989 42 -38 448 31.93 
-100 149 1999 29 -44 369 31.94 
141 -549 2182 -64 -104 42 31.94 
198 -397 1963 -165 -215 -116 31.95 
30 -99 1950 -151 -187 -67 31.94 
-168 -73 2065 -192 -228 -48 31.93 
-61 -47 1941 -182 -181 25 31.93 
44 -14 2043 -202 -233 42 31.94 
34 -3 1917 -151 -222 -7 31.97 
16 16 1981 -99 -207 -136 31.96 
58 36 1972 -63 -217 -238 31.96 
83 -5 2003 -16 -214 -291 31.96 
52 -100 2020 -8 -239 -296 31.94 
75 -102 2017 9 -300 -301 31.94 
103 -63 1969 -16 -320 -225 31.94 
120 -58 1968 -27 -309 -155 31.97 
53 -18 2000 -39 -308 -128 31.95 
74 104 2001 -57 -324 -53 31.95 
100 61 2027 -89 -340 28 31.95 
208 129 2070 -138 -416 138 31.95 
104 -56 1955 -169 -422 252 31.96 
76 -140 1942 -148 -411 219 31.95 
24 -126 1962 -130 -394 160 31.97 
81 -184 2058 -175 -417 111 31.95 
79 -260 2142 -198 -502 48 31.96 
110 -255 1982 -209 -608 -143 31.95 
101 -31 1906 -208 -561 -216 31.95 
65 -52 2028 -184 -583 -27 31.97 
-11 -145 2175 -164 -673 -41 31.96 
-16 -69 2194 -57 -888 -103 32 
122 139 2214 65 -1118 -125 31.97 
275 232 2234 63 -1336 -21 31.94 
296 122 2254 9 -1592 14 31.95 
244 -193 2269 -13 -1858 -140 31.96 
209 -445 2283 48 -2106 -433 31.94 
374 5 1926 435 -1839 -638 31.96 
621 83 1817 856 -929 -527 31.94 
642 161 1928 929 -695 -512 31.97 
562 176 1994 830 -629 -512 31.95 
587 322 2045 683 -591 -422 31.96 
453 210 2137 583 -591 -207 31.94 
479 138 2162 538 -608 -159 31.94 
585 227 2265 438 -622 -82 31.94 
439 1 2452 -159 -620 -126 31.96 
482 -32 2146 -315 -451 -125 31.94 
601 -101 1876 -220 -141 -176 31.93 
592 -154 1781 -101 57 -333 31.93 
490 -329 1807 27 151 -613 31.96 
486 -303 1862 168 68 -975 31.94 
46 316 2137 495 -614 -1112 31.94 
182 322 2148 477 -2507 -992 31.95 
486 39 1776 586 -3115 -856 31.92 
331 117 2100 612 -3208 -704 31.97 
394 279 1841 474 -3318 -527 31.95 
704 390 1729 131 -3225 -211 31.94 
902 199 1688 -56 -2826 13 31.95 
829 52 1804 -51 -2496 114 31.94 
813 -14 1733 -44 -2218 180 31.95 
915 0 1627 -387 -1781 25 31.94 
795 -140 1726 -416 -1690 -41 31.96 
846 -56 1694 -344 -1750 -209 31.94 
999 125 1631 -345 -1672 -274 31.97 
1013 107 1699 -333 -1507 -332 31.93 
995 129 1705 -265 -1301 -384 31.95 
964 125 1707 -180 -1092 -385 31.94 
939 219 1717 -147 -943 -350 31.94 
935 271 1660 -226 -836 -156 31.95 
966 154 1824 -320 -903 -25 31.94 
977 128 1898 -296 -1152 85 31.96 
1052 70 1770 -193 -1309 108 31.95 
1112 20 1713 -71 -1270 54 31.94 
1108 -43 1610 89 -1063 -156 31.95 
1056 -82 1584 40 -1032 -301 31.94 
1015 47 1700 26 -1135 -383 31.94 
1054 100 1612 44 -1265 -475 31.96 
1157 125 1581 115 -1297 -569 31.95 
1133 105 1613 147 -1317 -609 31.96 
1139 130 1554 188 -1335 -536 31.96 
1127 136 1530 160 -1312 -426 31.96 
1112 121 1582 118 -1353 -350 31.94 
1041 142 1672 55 -1516 -238 31.95 
1059 145 1723 -65 -1827 -152 31.97 
1091 126 1589 -180 -2161 -81 31.96 
1167 147 1633 -240 -2363 -33 31.94 
1338 108 1403 -455 -2359 -5 31.96 
1414 -17 1368 -537 -1985 -81 31.96 
1416 64 1303 -445 -1757 -108 31.95 
1362 30 1350 -323 -1608 -149 31.96 
1353 80 1468 -223 -1719 -196 31.95 
1446 155 1336 -212 -1846 -211 31.95 
1582 151 1232 -145 -1793 -209 31.96 
1641 185 1125 -88 -1595 -201 31.95 
1612 135 1146 -75 -1270 -158 31.96 
1634 90 1311 -48 -1013 -95 31.95 
1590 93 1352 -24 -947 -30 31.97 
1484 148 1384 -20 -1090 60 31.97 
1476 110 1307 17 -1375 75 31.97 
1513 95 1260 142 -1598 2 31.95 
1524 49 1135 199 -1785 -47 31.95 
1565 -4 1187 157 -1782 -31 31.94 
1604 -114 1184 31 -1815 22 31.92 
1588 113 1220 -323 -2380 163 31.96 
1629 -15 1094 -537 -2535 124 31.96 
1663 215 1424 -714 -2870 45 31.95 
1674 -5 754 -808 -3129 -33 31.94 
1835 299 712 -635 -3165 -20 31.96 
1689 -69 617 -420 -2941 -102 31.93 
1758 212 888 -277 -3078 -60 31.97 
1673 159 450 -213 -3263 43 31.94 
1782 199 498 -101 -3213 213 31.93 
1780 -116 375 272 -3112 173 31.97 
1947 199 584 175 -3124 264 31.95 
1894 -59 439 188 -3025 252 31.95 
2063 98 588 333 -3077 188 31.96 
2141 10 372 212 -3267 380 31.94 
2104 -133 191 262 -3025 384 31.92 
2057 1 232 231 -3026 430 31.94 
2003 -82 375 -29 -3114 523 31.94 
2005 106 172 16 -3213 489 31.97 
1904 98 154 -27 -3322 534 31.96 
2016 44 79 -86 -3367 348 31.94 
2035 58 5 -125 -3362 161 31.95 
1880 -118 -317 -291 -3437 187 31.95 
1802 97 -137 -6 -3399 52 31.94 
1864 7 -321 27 -3458 -9 31.95 
1850 130 -192 -21 -3336 11 31.97 
1958 -182 -404 -84 -3293 140 31.96 
2021 -166 -305 169 -3321 86 31.96 
2120 -24 -522 290 -3362 138 31.96 
2097 -39 -642 261 -3070 170 31.96 
2047 -78 -513 222 -2999 163 31.94 
2018 47 -608 241 -2995 119 31.97 
1950 58 -627 259 -2827 75 31.96 
1947 -78 -767 153 -2796 77 31.95 
2005 47 -771 127 -2792 51 31.96 
1952 -31 -789 20 -2841 92 31.93 
1856 32 -867 -5 -2752 -11 31.95 
1877 108 -778 -79 -2654 -59 31.96 
1778 -45 -845 -167 -2572 -108 31.96 
1788 -46 -891 -196 -2599 -236 31.95 
1815 72 -1078 -417 -2725 -103 31.97 
1741 60 -1337 -235 -2582 65 31.95 
1802 0 -1131 81 -2456 -20 31.96 
1836 -17 -1165 109 -2348 -79 31.97 
1806 29 -1199 113 -2176 -115 31.93 
1810 65 -1213 65 -1984 -167 31.96 
1745 33 -1249 53 -1834 -257 31.95 
1739 16 -1237 -31 -1714 -330 31.95 
1629 -78 -1338 -173 -1588 -365 31.93 
1576 -133 -1264 -389 -1565 -353 31.96 
1550 -28 -1115 -377 -1768 -359 31.93 
1488 17 -1330 -77 -2118 14 31.93 
1558 81 -1381 -46 -2202 121 31.94 
1584 58 -1385 56 -2353 121 31.95 
1541 3 -1315 78 -2439 34 31.97 
1483 153 -1448 328 -2365 -273 31.95 
1506 158 -1478 386 -2136 -335 31.96 
1462 137 -1524 420 -1993 -373 31.95 
1447 129 -1557 371 -1954 -354 31.94 
1348 42 -1666 219 -1952 -379 31.96 
1351 -280 -1833 208 -1913 -336 31.94 
1252 -108 -1629 327 -1516 -109 31.95 
1340 88 -1674 239 -1429 7 31.96 
1368 116 -1784 168 -1296 88 31.94 
1351 136 -1765 107 -1102 109 31.95 
1347 153 -1805 71 -893 166 31.97 
1421 132 -1889 8 -677 187 31.97 
1434 131 -1885 -95 -438 157 31.95 
1414 221 -1624 -401 -623 -115 31.95 
1147 141 -1816 -617 -1018 -20 31.98 
1026 -19 -1483 -412 -1225 638 31.96 
1115 47 -1560 -252 -1400 626 31.95 
1014 50 -1626 -102 -1687 487 31.94 
960 -21 -1750 -87 -1829 310 31.94 
996 -96 -1859 -20 -1875 144 31.96 
1016 -95 -1954 206 -1870 69 31.95 
952 -50 -1866 337 -1919 36 31.94 
905 -26 -1805 370 -1960 14 31.94 
964 -8 -1923 417 -1890 1 31.95 
1070 -37 -1948 416 -1717 -15 31.95 
1123 -24 -2051 379 -1419 -111 31.95 
1063 28 -2008 305 -1215 -187 31.95 
830 -49 -1885 158 -1290 -102 31.96 
805 -85 -1910 202 -1474 -117 31.96 
832 -19 -1952 265 -1687 -112 31.95 
806 3 -1928 344 -1769 -94 31.96 
828 56 -1967 323 -1731 -42 31.96 
844 63 -1989 271 -1531 -17 31.96 
819 28 -1928 260 -1344 -29 31.95 
778 -16 -1974 308 -1209 -35 31.95 
742 -53 -2027 304 -1003 44 31.97 
814 -45 -2046 252 -772 125 31.96 
866 -1 -2025 170 -498 130 31.97 
891 50 -2045 100 -112 59 31.95 
873 53 -2022 47 243 27 31.97 
833 -127 -2094 -34 736 126 31.94 
790 -180 -2099 -26 817 146 31.95 
733 -146 -2065 11 643 173 31.95 
407 -33 -1861 76 298 183 31.96 
608 21 -1942 143 -160 102 31.96 
715 -126 -2071 153 -414 -41 31.96 
635 -174 -1985 205 -604 16 31.98 
668 -145 -1992 283 -783 73 31.97 
680 -95 -2067 321 -891 81 31.94 
738 -66 -2116 345 -934 62 31.97 
826 -80 -2185 330 -882 34 31.97 
794 -53 -2277 349 -819 35 31.95 
734 -76 -2210 319 -759 37 31.95 
623 -161 -2090 338 -817 98 31.96 
565 -188 -2067 400 -943 165 31.95 
626 -158 -2088 431 -1002 160 31.97 
620 -150 -2080 448 -1030 107 31.95 
593 -130 -2079 430 -1038 61 31.94 
537 -83 -2039 397 -1022 53 31.94 
536 -59 -2007 389 -1034 62 31.96 
561 -101 -2021 354 -1048 54 31.96 
579 -181 -2025 297 -1029 32 31.95 
514 -249 -2093 294 -1060 18 31.95 
564 -303 -2195 330 -1080 18 31.96 
615 -279 -2279 359 -1014 23 31.94 
600 -222 -2277 377 -924 33 31.97 
560 -163 -2212 370 -872 9 31.96 
490 -158 -2169 312 -830 -62 31.97 
421 -175 -2076 241 -829 -134 31.97 
315 -193 -1908 209 -918 -75 31.97 
179 -196 -1776 272 -1189 111 31.96 
246 -198 -1929 299 -1444 190 31.95 
287 -240 -2086 292 -1547 112 31.96 
252 -275 -2050 263 -1637 -17 31.97 
237 -278 -2036 267 -1667 -10 31.98 
308 -280 -2155 213 -1597 -31 31.98 
340 -278 -2274 153 -1468 -54 31.97 
347 -253 -2403 120 -1299 -62 31.96 
255 -237 -2458 181 -1226 -68 31.94 
208 -228 -2437 287 -1211 -46 31.99 
149 -223 -2316 349 -1192 -14 31.97 
158 -231 -2272 332 -1167 6 31.96 
153 -251 -2275 267 -1050 5 31.96 
91 -240 -2157 205 -967 0 31.97 
-11 -305 -2016 215 -1025 32 31.97 
-33 -305 -2258 335 -921 66 31.97 
112 -190 -2136 417 -975 135 31.97 
21 -87 -2218 412 -673 209 31.97 
-32 -56 -2223 348 -608 218 31.94 
-59 -41 -2193 185 -666 172 31.97 
-94 -202 -2360 15 -811 120 31.94 
-118 -284 -2293 -75 -966 69 31.95 
-110 -360 -2251 -107 -1227 44 31.98 
-70 -399 -2298 -55 -1359 18 31.99 
-59 -379 -2197 -19 -1319 -33 31.99 
-84 -369 -2105 29 -1206 -60 31.98 
-86 -358 -2089 123 -1120 -49 31.95 
-120 -336 -2025 202 -1070 -34 31.97 
-177 -359 -2089 245 -1033 -15 31.98 
-178 -333 -2048 311 -921 -36 31.98 
-204 -334 -1997 359 -914 -53 31.97 
-159 -309 -2030 317 -928 -65 31.97 
-132 -287 -2094 212 -949 -78 31.98 
-164 -256 -2140 152 -993 -61 31.96 
-220 -246 -2136 69 -1005 -57 31.96 
-263 -299 -2053 -21 -1007 -30 31.97 
-300 -319 -2033 -55 -1052 21 31.97 
-339 -366 -2065 -97 -1116 6 31.96 
-428 -358 -2099 -55 -1168 -56 31.96 
-407 -395 -2028 62 -1151 -55 31.96 
-368 -415 -1986 186 -1150 18 32 
-278 -417 -2053 230 -1137 30 31.96 
-304 -402 -2084 208 -1081 -6 31.97 
-364 -349 -2168 201 -1063 -57 31.97 
-375 -281 -2251 185 -976 -97 31.97 
-429 -260 -2187 144 -929 -139 32 
-450 -258 -2169 85 -987 -176 31.98 
-462 -295 -2139 16 -1069 -205 31.99 
-273 -314 -2299 -16 -1057 -203 31.98 
754 -361 -3088 25 -493 -141 31.98 
-1092 -321 -1570 6 -565 -134 31.95 
-1334 -255 -1504 53 -545 -75 31.96 
-528 -280 -2058 173 -960 34 31.95 
-478 -305 -2097 151 -998 15 31.99 
-531 -327 -2093 143 -1017 -49 31.99 
-519 -373 -2140 138 -1055 -117 31.96 
-511 -444 -2103 108 -1053 -108 31.95 
-552 -435 -2083 62 -984 -52 31.96 
-570 -405 -2151 -17 -920 -90 31.97 
-614 -426 -2106 -59 -899 -141 31.96 
-674 -416 -2044 -53 -943 -161 31.95 
-691 -404 -2003 -33 -988 -175 31.96 
-706 -421 -1963 1 -1006 -149 31.98 
-714 -446 -1933 37 -1023 -101 31.97 
-717 -440 -1912 68 -1058 -73 31.98 
-765 -405 -1860 89 -1094 -75 31.98 
-794 -356 -1812 103 -1137 -67 31.98 
-868 -354 -1795 143 -1185 -58 31.97 
-869 -383 -1798 191 -1275 -97 31.97 
-846 -425 -1789 192 -1359 -167 31.97 
-822 -429 -1814 152 -1430 -217 31.95 
-850 -510 -2292 184 -1370 -246 31.97 
-931 -245 -2274 375 -1612 -199 31.98 
-760 -114 -2312 329 -1502 -102 31.98 
-826 -154 -2212 120 -1243 -50 31.96 
-880 -198 -2062 -60 -1121 -1 31.95 
-934 -277 -1986 -163 -1026 34 31.94 
-977 -340 -1885 -186 -971 69 31.98 
-1026 -331 -1764 -204 -990 80 31.98 
-1039 -354 -1862 -215 -1013 17 31.95 
-983 -426 -1843 -156 -938 -15 31.98 
-973 -488 -1879 -40 -780 -26 31.97 
-1007 -520 -1821 122 -716 -34 31.97 
-1024 -472 -1780 244 -739 -63 31.97 
-1088 -431 -1754 285 -756 -104 31.97 
-1151 -421 -1772 293 -831 -138 31.96 
-1145 -357 -1864 267 -939 -164 31.98 
-1062 -289 -2001 155 -940 -193 31.97 
-1140 -382 -1948 -146 -639 -2 31.97 
-1152 -469 -1843 -151 -620 20 31.98 
-1160 -506 -1795 -99 -613 10 31.98 
-1174 -485 -1769 -26 -610 -20 31.98 
-1177 -465 -1765 31 -579 -57 31.96 
-1166 -456 -1759 56 -533 -100 31.94 
-1141 -429 -1781 70 -500 -139 31.98 
-1149 -435 -1757 115 -501 -126 31.96 
-1189 -419 -1723 159 -539 -141 31.95 
-1191 -398 -1797 172 -557 -184 31.97 
-1125 -333 -1775 166 -506 -203 31.96 
-1133 -348 -1766 163 -509 -188 31.96 
-1099 -403 -1887 136 -554 -53 31.97 
-1198 -326 -1765 -158 -315 -130 31.97 
-1279 -391 -1760 -258 -82 -272 31.98 
-1278 -509 -1696 -217 -14 -227 32.01 
-1356 -379 -1658 -78 -99 -80 31.98 
-1411 -596 -1558 164 -142 384 31.97 
-1252 -451 -1601 428 -319 481 31.98 
-1190 -335 -1676 533 -274 435 31.98 
-1156 -310 -1729 463 -174 324 31.99 
-1094 -315 -1698 396 -60 241 31.98 
-989 -287 -1653 272 -49 189 31.98 
-977 -371 -1711 112 -93 375 31.97 
-1151 -416 -1726 -54 -149 390 31.98 
-1234 -446 -1716 -144 -287 405 31.98 
-1283 -471 -1683 -207 -475 403 31.98 
-1341 -454 -1693 -239 -617 351 31.99 
-1316 -444 -1699 -315 -643 200 31.99 
-1334 -435 -1669 -356 -607 54 31.98 
-1382 -445 -1615 -364 -614 55 31.97 
-1411 -413 -1654 -231 -645 167 31.97 
-1386 -416 -1641 -52 -689 384 32 
-1377 -415 -1603 107 -813 576 31.97 
-1315 -348 -1617 164 -952 682 32.01 
-1236 -283 -1648 112 -1039 696 31.98 
-1219 -280 -1722 -1 -1040 635 31.99 
-1315 -371 -1746 -111 -970 535 31.98 
-1417 -382 -1677 -176 -920 323 31.98 
-1413 -412 -1647 -242 -936 140 31.97 
-1375 -409 -1645 -282 -1036 63 31.96 
-1342 -354 -1650 -287 -1119 55 31.98 
-1365 -335 -1641 -306 -1200 45 31.96 
-1477 -344 -1562 -235 -1422 17 31.97 
-1643 -438 -1501 -43 -1734 125 31.97 
-1655 -480 -1482 322 -1946 394 31.98 
-1576 -383 -1569 762 -1897 578 31.97 
-1482 -287 -1626 932 -1621 558 31.99 
-1434 -270 -1599 887 -1275 479 31.98 
-1447 -276 -1512 815 -1039 529 31.98 
-1506 -275 -1441 733 -939 643 31.97 
-1591 -309 -1404 525 -910 704 31.97 
-1664 -359 -1404 344 -911 701 31.97 
-1687 -398 -1435 252 -941 683 31.98 
-1728 -406 -1418 221 -995 627 31.97 
-1826 -418 -1374 238 -1193 517 31.97 
-1900 -427 -1318 307 -1559 385 32.02 
-1934 -417 -1345 497 -2023 273 31.97 
-1799 -414 -1338 514 -2322 222 31.99 
-1689 -389 -1399 750 -2524 235 32 
-1640 -282 -1291 820 -2566 328 32 
-1654 -222 -1201 893 -2573 440 31.99 
-1602 -200 -1142 833 -2471 516 31.95 
-1575 -205 -1143 748 -2222 567 31.97 
-1629 -218 -1183 636 -1799 548 31.97 
-1721 -224 -1125 554 -1300 433 31.97 
-1800 -255 -996 512 -973 195 31.98 
-1932 -335 -867 526 -903 23 31.99 
-2038 -377 -842 633 -1017 -9 32 
-2021 -364 -857 734 -1214 -16 31.96 
-1994 -328 -865 779 -1413 -64 31.97 
-1945 -315 -860 850 -1633 -114 31.97 
-1876 -299 -923 848 -1763 -117 31.98 
-1855 -309 -938 816 -1792 -66 31.97 
-1864 -356 -880 868 -1880 -10 31.98 
-1914 -324 -884 857 -2015 26 31.97 
-1894 -352 -838 778 -2111 73 31.97 
-1898 -322 -771 662 -2234 103 31.96 
-1917 -307 -703 541 -2337 142 31.98 
-1877 -299 -648 506 -2417 175 31.97 
-1854 -263 -658 439 -2342 291 32 
-1841 -284 -586 426 -2068 518 31.97 
-1823 -256 -507 443 -1682 633 31.99 
-1886 -295 -414 387 -1313 593 31.97 
-1998 -339 -395 346 -1057 489 31.99 
-2102 -331 -413 305 -965 359 31.99 
-2123 -359 -426 319 -1014 272 31.99 
-2118 -337 -419 362 -1316 243 31.99 
-2074 -320 -475 353 -1419 268 31.97 
-2101 -335 -492 357 -1514 301 32 
-2154 -352 -469 397 -1627 313 32 
-2163 -344 -457 460 -1697 309 32.01 
-2105 -321 -432 479 -1693 310 31.98 
-2017 -311 -411 465 -1614 344 31.99 
-1975 -306 -335 462 -1541 447 31.98 
-1975 -354 -170 552 -1556 562 31.99 
-2012 -310 -89 791 -1641 565 31.99 
-1998 -253 -52 967 -1654 505 31.99 
-1997 -184 -67 1033 -1602 448 31.99 
-2010 -152 -55 1031 -1532 424 31.99 
-2049 -143 -44 968 -1479 428 32 
-2123 -187 -47 872 -1471 446 32 
-2199 -253 26 754 -1505 485 32 
-2167 -247 19 658 -1570 542 31.99 
-2134 -210 9 597 -1667 652 31.99 
-2120 -190 50 550 -1784 769 31.98 
-2139 -164 99 559 -1939 867 31.99 
-2101 -134 136 555 -2098 937 32 
-1903 -100 177 457 -2054 1017 31.97 
-1948 26 263 362 -1963 938 31.98 
-1928 -50 400 444 -1890 898 31.97 
-1929 -16 435 592 -1831 827 32 
-1941 -9 405 618 -1664 745 31.99 
-2021 -36 385 572 -1409 628 32 
-2092 -81 426 523 -1273 493 31.99 
-2116 -89 448 505 -1352 354 32 
-2086 -32 507 580 -1695 230 32 
-1985 -6 479 580 -1669 235 32 
-1943 30 459 497 -1545 278 31.98 
-1917 79 438 361 -1432 356 31.99 
-1918 83 472 255 -1373 430 31.99 
-1911 79 591 228 -1335 496 32.02 
-1868 130 668 261 -1242 512 32 
-1863 155 672 188 -1152 521 31.99 
-1936 119 668 115 -1115 529 32.01 
-1953 111 674 54 -1134 541 32.03 
-1981 94 680 -8 -1176 543 32 
-1968 64 702 -38 -1258 526 31.99 
-1950 55 738 -13 -1371 515 31.98 
-1908 57 752 31 -1511 495 31.98 
-1872 45 742 83 -1628 460 31.99 
-1828 66 720 83 -1682 425 31.99 
-1832 55 752 22 -1672 413 31.99 
-1813 99 808 -26 -1702 347 31.97 
-1785 139 806 -55 -1730 239 31.98 
-1747 141 809 -75 -1727 147 31.98 
-1738 127 901 -147 -1810 56 31.99 
-1856 116 947 -149 -1989 28 31.99 
-1861 81 1038 -129 -2009 0 31.98 
-1839 68 1019 -136 -2042 -11 32 
-1758 61 925 -54 -2023 55 31.99 
-1731 107 870 119 -1933 165 31.98 
-1569 112 895 291 -1861 223 31.97 
-1635 181 888 470 -1816 276 32 
-1781 119 962 614 -1784 349 31.99 
-1728 92 1022 790 -1905 351 32.01 
-1583 168 1075 1191 -2191 279 32.01 
-1499 225 1105 1117 -2125 243 32.01 
-1516 272 1161 870 -1847 246 32.02 
-1569 234 1306 678 -1625 257 32 
-1586 196 1354 594 -1593 268 32.01 
-1598 216 1326 543 -1605 262 32.02 
-1594 241 1333 478 -1582 219 32 
-1589 208 1410 462 -1620 167 32.02 
-1550 255 1433 579 -1824 135 32 
-1450 287 1437 671 -1963 128 32.01 
-1317 383 1321 662 -1987 141 32 
-1256 412 1332 528 -1822 192 31.98 
-1266 402 1396 361 -1634 251 31.98 
-1251 385 1446 221 -1514 310 31.99 
-1276 383 1505 91 -1419 380 32 
-1306 355 1651 28 -1396 437 31.99 
-1372 338 1634 56 -1558 461 31.99 
-1351 334 1625 145 -1801 505 32 
-1291 352 1588 227 -2009 553 31.99 
-1210 372 1521 246 -2129 589 32.01 
-1115 411 1529 229 -2152 629 32 
-1054 419 1508 174 -2143 661 32.01 
-1025 441 1510 55 -2036 682 31.97 
-1023 431 1496 -89 -1882 701 31.99 
-1017 426 1544 -242 -1676 704 32 
-1026 444 1637 -351 -1544 703 31.99 
-1012 415 1725 -442 -1527 680 32.03 
-962 420 1733 -574 -1513 641 32.04 
-938 422 1729 -710 -1488 623 32 
-910 388 1734 -843 -1451 614 31.99 
-900 343 1714 -868 -1523 623 32 
-805 315 1665 -630 -1716 731 32.01 
-860 271 1611 -409 -1769 714 32.02 
-891 285 1713 -313 -1739 713 32.01 
-827 348 1748 -287 -1713 741 31.99 
-790 359 1754 -291 -1680 766 32 
-724 369 1702 -331 -1611 780 32 
-710 327 1673 -371 -1487 777 31.99 
-694 267 1738 -402 -1357 751 32 
-723 262 1853 -420 -1344 650 32 
-704 294 1916 -418 -1402 571 32 
-669 343 1912 -423 -1482 521 32 
-594 391 1884 -427 -1519 499 32 
-576 398 1833 -399 -1527 492 32.01 
-524 416 1810 -317 -1531 511 32.02 
-490 384 1831 -231 -1520 535 32.01 
-456 366 1823 -215 -1475 541 32.02 
-442 377 1840 -215 -1397 518 31.99 
-414 409 1850 -283 -1254 482 32.02 
-412 370 1863 -375 -1108 463 32.03 
-393 363 1855 -381 -1064 455 32.02 
-369 321 1845 -343 -1044 425 32.02 
-353 305 1871 -324 -1012 345 32.03 
-389 270 1917 -319 -1010 257 32.04 
-376 261 1988 -270 -1083 181 32.01 
-340 269 2029 -176 -1253 121 32.01 
-263 274 1971 -113 -1382 104 32.02 
-191 278 1860 -58 -1407 107 31.99 
-108 286 1837 32 -1373 149 32.04 
-53 293 1870 83 -1321 187 32.02 
-20 219 1982 54 -1251 248 32.02 
-118 344 2025 17 -1233 326 32 
-184 316 2020 -2 -1314 381 32.03 
-110 318 1975 20 -1395 365 32.03 
43 303 1908 53 -1534 222 32.02 
95 359 1919 -44 -1516 161 32.02 
105 328 1902 -134 -1514 103 32.03 
123 280 1920 -155 -1558 27 32.01 
160 250 1957 -176 -1608 -41 32.03 
179 311 1947 -245 -1614 -60 32.04 
178 364 1915 -319 -1570 -37 32.03 
116 363 1927 -343 -1534 15 32 
112 363 1898 -328 -1529 54 32.01 
91 359 1932 -342 -1466 104 32.03 
148 341 1920 -336 -1431 145 32.03 
188 327 1889 -355 -1373 190 32.01 
243 293 1890 -390 -1282 235 32.02 
330 259 1872 -441 -1181 259 32.04 
337 220 1906 -470 -1091 259 32.02 
356 170 1920 -471 -1097 253 32.01 
394 170 1924 -530 -1118 243 32.04 
385 203 1880 -642 -1112 228 32.02 
392 210 1885 -728 -1101 158 32.04 
362 169 1897 -788 -1087 74 32.04 
341 193 1926 -800 -1090 5 32.04 
340 198 1902 -831 -1052 -58 32.05 
344 202 1904 -828 -972 -101 32.06 
541 473 1734 -852 -841 -126 32.04 
546 240 1882 -1462 -88 -162 32.02 
335 19 2029 -1297 -31 -36 32.02 
349 61 2052 -977 -306 55 32.02 
385 -21 2064 -873 -366 100 32.03 
501 -131 1967 -755 -448 125 32.04 
440 -9 1908 -587 -476 151 32.02 
406 44 1914 -458 -460 208 32.02 
409 51 1909 -415 -347 254 32.05 
493 -32 1906 -369 -212 258 32.04 
532 -96 1921 -322 -121 242 32.04 
524 -68 1936 -267 -36 260 32.03 
503 1 1962 -272 112 297 32.04 
455 8 1967 -311 233 354 32.04 
460 2 1961 -273 289 420 32.03 
421 -56 2019 -182 268 469 32.06 
391 -65 2003 -94 210 500 32.02 
411 -47 1976 -53 196 542 32.02 
407 -47 1951 -29 212 571 32.02 
433 -62 1938 -34 262 588 32.02 
443 -84 1974 -1 315 579 32.02 
456 -146 2007 77 312 508 32.02 
497 -141 2004 159 274 437 32.04 
471 -87 2000 196 264 380 32.02 
451 -52 2014 180 270 345 32.02 
389 -38 2048 156 251 320 32.04 
360 -26 2040 160 192 296 32.04 
384 -7 1977 183 145 274 32.05 
406 19 1903 184 177 252 32.05 
345 18 1883 150 245 222 32.04 
329 -6 1895 153 264 187 32.01 
298 -10 1906 186 254 160 32.03 
313 9 1897 226 237 132 32.03 
351 12 1893 251 251 108 32.04 
381 8 1919 235 322 76 32.04 
378 -23 1940 203 366 51 32.03 
370 -99 2012 226 340 18 32.05 
339 -111 2016 320 218 -12 32.03 
379 -58 1989 384 91 -32 32.02 
346 -19 1981 342 60 -53 32.04 
319 6 1990 272 56 -84 32.03 
316 30 1994 222 10 -134 32.05 
337 34 1949 212 -54 -162 32.02 
342 53 1938 199 -79 -166 32.05 
333 84 1912 158 -54 -156 32.04 
316 101 1927 78 1 -134 32.02 
306 79 1922 21 34 -106 32.03 
323 58 1907 43 31 -61 32.04 
360 42 1919 80 26 -36 32.05 
379 39 1906 86 51 -12 32.04 
422 31 1873 63 129 18 32.01 
405 39 1880 24 206 46 32.04 
373 22 1932 -16 247 73 32 
350 10 1939 -36 249 97 32.03 
298 22 1955 -35 235 120 32.03 
231 24 1944 5 210 134 32.04 
231 33 1920 74 200 125 32 
239 34 1918 114 221 106 32.04 
227 39 1931 146 272 91 32.04 
210 39 1962 162 328 71 32.04 
187 32 1983 176 357 47 32.05 
198 10 2010 205 354 38 32.02 
247 6 2025 233 335 43 32 
313 -2 2023 256 338 60 32.03 
374 36 2005 235 388 61 32.04 
381 58 1957 168 513 74 32.02 
359 74 1927 57 718 73 32.02 
263 62 1948 -9 873 70 32.01 
170 53 1982 -39 973 55 32.04 
104 6 2012 -7 984 63 32.04 
136 -10 2049 99 905 64 32.02 
176 28 2016 205 846 57 32.02 
213 72 1951 250 855 63 32.02 
197 111 1945 211 962 82 32.05 
145 146 1952 73 1110 103 32.02 
88 205 2015 -65 1271 101 32.05 
57 277 2029 -236 1394 98 32.03 
53 293 2053 -502 1578 126 32.03 
28 263 1992 -760 1821 167 32.05 
58 157 1896 -1026 2102 217 32.03 
83 45 1806 -1203 2393 238 32.04 
30 -101 1944 -1229 2449 241 32.04 
-53 -161 2010 -1127 2276 202 32.03 
-224 -185 2010 -922 1987 198 32.02 
-351 -301 2013 -578 1609 167 32.04 
-373 -290 2045 -245 1265 88 32.04 
-349 -163 2064 81 932 7 32.02 
-383 -68 2058 277 743 -15 32.04 
-377 -5 2020 385 647 -6 32.03 
-337 57 1974 416 662 16 32.03 
-316 92 1982 392 760 38 32.03 
-305 121 1976 331 904 67 32.02 
-320 74 1980 226 1098 99 32.04 
-296 59 1968 126 1293 151 32.03 
-292 16 1888 67 1491 227 32.04 
-285 -33 1854 36 1675 289 32.05 
-474 -112 1950 -26 2003 311 32.05 
-528 -89 2001 -39 2052 293 32.04 
-548 -44 1945 -15 2066 317 32.04 
-604 -19 1913 16 2071 352 32.04 
-607 45 1873 26 2089 392 32.05 
-620 105 1818 30 2113 491 32.02 
-708 98 1829 4 2154 551 32.04 
-835 54 1816 -66 2183 512 32.06 
-880 76 1849 -125 2260 415 32.04 
-868 94 1795 -110 2272 353 32.03 
-783 -2 1828 16 2181 190 32.06 
-797 -71 1929 83 2009 127 32.06 
-845 -230 1974 56 1741 -71 32.06 
-830 -209 1923 33 1595 -107 32.07 
-975 -64 1860 -22 1425 -12 32.02 
-1070 -58 1829 -133 1405 85 32.05 
-1065 -47 1764 -270 1442 182 32.04 
-1101 0 1696 -418 1531 305 32.05 
-1065 36 1628 -480 1602 387 32.03 
-1113 9 1590 -497 1669 418 32.04 
-1175 -48 1613 -507 1720 380 32.03 
-1254 -33 1697 -449 1747 324 32.02 
-1178 -88 1680 -328 1677 210 32.03 
-1080 -97 1582 -178 1591 117 32.04 
-1159 -20 1713 -62 1453 88 32.04 
-1203 13 1725 -153 1377 81 32.04 
-1249 26 1645 -275 1347 11 32.06 
-1277 65 1535 -405 1362 -94 32.03 
-1279 104 1423 -475 1399 -125 32.03 
-1342 65 1387 -529 1479 -90 32.05 
-1422 2 1458 -585 1563 -31 32.06 
-1376 -28 1456 -536 1556 19 32.04 
-1338 -39 1439 -449 1515 50 32.05 
-1369 -106 1431 -365 1490 36 32.03 
-1441 -163 1380 -369 1504 9 32.04 
-1472 -199 1401 -427 1556 -40 32.04 
-1495 -188 1381 -529 1605 -91 32.04 
-1482 -153 1406 -610 1620 -105 32.06 
-1374 -120 1363 -632 1611 -72 32.04 
-1342 -174 1314 -610 1615 -32 32.03 
-1405 -231 1330 -605 1616 -79 32.04 
-1453 -245 1341 -624 1573 -246 32.06 
-1470 -239 1315 -646 1520 -397 32.05 
-1502 -231 1293 -698 1493 -496 32.03 
-1500 -183 1266 -742 1485 -603 32.07 
-1479 -115 1237 -725 1425 -672 32.02 
-1548 -147 1160 -720 1389 -675 32.04 
-1667 -232 1126 -776 1455 -675 32.03 
-1629 -241 1006 -775 1538 -743 32.07 
-1635 -238 913 -683 1649 -778 32.07 
-1697 -243 890 -565 1720 -787 32.02 
-1765 -253 954 -460 1832 -694 32.07 
-1834 -254 966 -394 1871 -616 32.05 
-1782 -233 971 -272 1854 -515 32.06 
-1743 -237 978 -146 1807 -372 32.04 
-1781 -290 995 -51 1738 -283 32.05 
-1757 -331 974 -23 1698 -219 32.06 
-1786 -327 935 -18 1669 -180 32.06 
-1787 -318 897 5 1649 -170 32.06 
-1797 -336 831 34 1655 -184 32.05 
-1834 -383 767 38 1713 -265 32.08 
-1845 -347 735 1 1795 -338 32.05 
-1849 -321 705 -37 1852 -376 32.06 
-1837 -383 714 -106 1903 -392 32.04 
-1833 -362 719 -196 1947 -381 32.05 
-1902 -330 675 -233 1961 -374 32.05 
-1944 -288 667 -229 1943 -335 32.06 
-1973 -311 648 -214 1893 -261 32.04 
-2020 -411 627 -197 1841 -263 32.04 
-1965 -447 611 -175 1783 -313 32.06 
-1941 -422 621 -126 1688 -308 32.07 
-1960 -416 584 -78 1584 -264 32.05 
-1960 -473 474 -61 1552 -265 32.06 
-1927 -451 396 -50 1591 -317 32.05 
-1874 -392 332 -8 1629 -311 32.06 
-1971 -406 287 -3 1710 -290 32.05 
-2012 -409 314 -68 1806 -319 32.07 
-1983 -404 376 -145 1842 -310 32.07 
-1965 -407 324 -201 1839 -275 32.07 
-1963 -445 217 -219 1866 -286 32.07 
-2046 -419 152 -240 1940 -294 32.07 
-2070 -411 107 -285 2030 -265 32.09 
-2054 -413 119 -308 2086 -203 32.07 
-2004 -446 151 -307 2088 -93 32.06 
-1976 -545 161 -258 2041 -4 32.07 
-1968 -607 102 -122 1951 -14 32.07 
-2033 -551 12 56 1843 -62 32.07 
-2004 -497 -35 208 1758 -94 32.08 
-2043 -435 -60 356 1675 -121 32.07 
-2003 -447 -108 418 1655 -143 32.04 
-1996 -439 -206 360 1733 -149 32.07 
-1984 -442 -276 236 1887 -135 32.07 
-2004 -415 -292 123 2023 -87 32.05 
-2106 -423 -242 58 2043 -32 32.09 
-2107 -501 -214 94 1937 -20 32.09 
-2075 -484 -227 292 1748 6 32.06 
-2063 -481 -316 504 1565 50 32.07 
-1975 -406 -191 549 1493 38 32.06 
-1917 -434 -368 295 1609 42 32.06 
-2016 -566 -409 -3 1826 -88 32.05 
-2010 -555 -382 -40 1850 -192 32.04 
-1999 -510 -354 102 1733 -203 32.04 
-2020 -536 -418 301 1554 -199 32.06 
-1961 -512 -482 459 1429 -200 32.05 
-1885 -494 -594 494 1391 -150 32.04 
-1926 -495 -635 447 1466 -106 32.06 
-1962 -473 -637 448 1515 -97 32.07 
-1984 -471 -650 483 1510 -67 32.09 
-2021 -510 -663 499 1471 3 32.07 
-2031 -488 -605 494 1420 78 32.07 
-1976 -507 -595 517 1333 127 32.04 
-1881 -434 -618 561 1262 148 32.06 
-1822 -385 -677 461 1315 184 32.08 
-1780 -327 -741 87 1593 212 32.04 
-1801 -401 -746 -188 1794 244 32.06 
-1846 -535 -818 -361 1926 271 32.06 
-1884 -627 -842 -316 1932 259 32.09 
-1911 -687 -784 -135 1807 257 32.09 
-1905 -606 -806 48 1646 225 32.09 
-1915 -511 -892 74 1573 200 32.07 
-1898 -485 -896 66 1517 213 32.03 
-1890 -498 -906 121 1430 244 32.05 
-1856 -520 -948 236 1309 268 32.1 
-1809 -520 -984 385 1190 269 32.07 
-1808 -500 -1025 534 1110 246 32.09 
-1793 -427 -1067 591 1090 234 32.05 
-1737 -380 -1074 524 1139 267 32.07 
-1697 -381 -1061 411 1217 355 32.09 
-1716 -424 -1064 289 1296 423 32.06 
-1674 -385 -1073 216 1354 475 32.1 
-1645 -348 -1090 96 1450 541 32.07 
-1638 -305 -1140 -91 1602 567 32.07 
-1663 -364 -1228 -255 1755 563 32.09 
-1704 -416 -1261 -440 1975 490 32.08 
-1784 -543 -1137 -264 1877 410 32.07 
-1777 -539 -1155 42 1590 399 32.1 
-1748 -480 -1281 263 1353 422 32.07 
-1764 -443 -1341 323 1217 489 32.09 
-1747 -430 -1337 363 1103 550 32.08 
-1703 -409 -1326 415 968 601 32.06 
-1649 -384 -1326 419 895 624 32.08 
-1614 -352 -1341 347 898 628 32.05 
-1541 -339 -1424 215 977 637 32.06 
-1469 -274 -1450 78 1128 659 32.08 
-1441 -236 -1467 -99 1324 694 32.05 
-1465 -246 -1470 -306 1539 699 32.07 
-1509 -244 -1448 -532 1757 673 32.09 
-1540 -274 -1437 -692 1905 625 32.09 
-1582 -313 -1426 -740 1930 578 32.07 
-1632 -372 -1459 -671 1809 523 32.08 
-1631 -364 -1468 -547 1638 471 32.07 
-1603 -342 -1460 -361 1404 440 32.08 
-1541 -260 -1510 -200 1177 424 32.07 
-1478 -228 -1586 -76 1023 412 32.06 
-1338 -192 -1619 -14 995 395 32.07 
-1260 -156 -1659 -39 1079 390 32.09 
-1221 -181 -1688 -169 1294 399 32.08 
-1260 -193 -1678 -334 1513 412 32.07 
-1289 -233 -1664 -399 1612 430 32.08 
-1289 -240 -1702 -383 1633 465 32.07 
-1241 -221 -1728 -342 1657 516 32.07 
-1196 -156 -1778 -394 1763 551 32.09 
-1204 -37 -1689 -520 1892 616 32.08 
-1284 -118 -1637 -611 1894 661 32.06 
-1331 -193 -1741 -583 1772 629 32.09 
-1294 -197 -1797 -491 1670 576 32.07 
-1190 -148 -1817 -377 1588 552 32.07 
-1132 -90 -1896 -280 1502 570 32.1 
-1056 -41 -1906 -230 1467 603 32.06 
-1016 -48 -1839 -320 1583 621 32.07 
-965 -80 -1917 -413 1658 615 32.07 
-1014 -110 -1863 -356 1646 619 32.08 
-1007 -94 -1896 -239 1604 610 32.1 
-944 -82 -1948 -183 1617 591 32.1 
-924 -46 -2051 -230 1714 580 32.08 
-898 -23 -2083 -295 1851 566 32.04 
-871 17 -2039 -304 1941 563 32.08 
-893 63 -1890 -283 1925 598 32.07 
-879 65 -1953 -302 1895 615 32.07 
-948 17 -1993 -351 1853 577 32.07 
-944 -37 -1995 -298 1710 474 32.08 
-955 -53 -1999 -134 1516 349 32.07 
-878 -31 -2028 102 1247 264 32.08 
-792 12 -2070 305 1035 221 32.07 
-706 67 -2083 371 999 212 32.07 
-657 105 -2095 305 1070 233 32.09 
-658 66 -2071 212 1136 251 32.09 
-656 28 -2062 134 1194 256 32.09 
-610 53 -2102 122 1206 268 32.08 
-511 -46 -2155 110 1257 276 32.09 
-533 80 -2177 57 1417 303 32.08 
-508 104 -2159 -76 1582 326 32.11 
-562 58 -2049 -162 1677 341 32.08 
-518 46 -2148 -178 1682 345 32.1 
-513 78 -2003 -208 1660 362 32.09 
-516 139 -2094 -209 1693 358 32.09 
-497 81 -2052 -194 1672 349 32.11 
-371 9 -2171 -198 1609 338 32.1 
-345 67 -2393 -250 1880 288 32.07 
-399 12 -2164 -229 2002 222 32.07 
-321 11 -2259 -152 2016 167 32.07 
-379 33 -2048 -148 2005 68 32.09 
-339 27 -2029 -48 1839 17 32.07 
-280 30 -2091 87 1625 -24 32.09 
-187 34 -2225 162 1515 -62 32.08 
-153 91 -2237 154 1527 -83 32.08 
-123 83 -2190 121 1571 -60 32.1 
-153 54 -2135 96 1617 -50 32.1 
-120 42 -2130 97 1673 -50 32.09 
-78 15 -2148 136 1697 -37 32.09 
-25 -9 -2224 189 1727 -20 32.12 
27 -12 -2315 246 1769 9 32.07 
53 -16 -2279 283 1773 44 32.07 
22 7 -2155 306 1723 88 32.06 
33 38 -2088 339 1656 126 32.07 
57 20 -2140 334 1621 156 32.07 
104 -2 -2224 256 1644 166 32.1 
211 -18 -2289 194 1684 181 32.09 
249 -28 -2278 153 1733 214 32.12 
282 -21 -2284 158 1741 246 32.09 
304 7 -2244 107 1756 253 32.06 
226 20 -2231 -2 1830 218 32.07 
263 -17 -2168 -38 1831 186 32.07 
324 -48 -2182 20 1758 172 32.06 
421 -70 -2295 91 1755 175 32.09 
412 -38 -2217 127 1816 142 32.09 
398 -36 -2102 216 1766 148 32.09 
420 -31 -2093 287 1680 160 32.08 
424 -19 -2084 343 1615 176 32.08 
459 -13 -2054 374 1558 187 32.09 
549 -11 -2115 376 1503 194 32.08 
600 -3 -2135 375 1494 187 32.09 
635 7 -2125 354 1506 168 32.09 
655 11 -2096 300 1556 143 32.08 
681 -12 -2081 244 1582 103 32.06 
701 -17 -2073 197 1599 67 32.08 
716 -49 -2110 155 1628 42 32.09 
719 -68 -2149 145 1655 21 32.11 
697 -98 -2017 152 1629 18 32.1 
690 -91 -1913 184 1537 10 32.08 
692 -81 -1909 234 1409 -11 32.07 
711 -80 -1971 286 1315 -30 32.08 
740 -88 -1973 347 1289 -39 32.12 
793 -93 -1996 432 1284 -43 32.07 
821 -95 -1957 498 1281 -35 32.07 
893 -121 -1943 542 1261 -37 32.09 
897 -74 -1944 558 1290 -58 32.08 
950 -91 -1959 512 1326 -96 32.12 
988 -97 -1989 461 1378 -118 32.1 
982 -101 -1977 421 1428 -131 32.11 
1002 -81 -2002 390 1475 -161 32.11 
1012 -112 -1973 352 1540 -180 32.13 
1016 -137 -1927 324 1591 -158 32.11 
1048 -168 -1876 346 1574 -137 32.09 
1074 -177 -1910 400 1526 -114 32.08 
1128 -163 -1903 442 1494 -103 32.09 
1149 -145 -1845 444 1463 -108 32.11 
1155 -153 -1803 413 1442 -127 32.1 
1171 -156 -1809 392 1441 -154 32.1 
1192 -160 -1823 401 1452 -178 32.1 
1254 -329 -1727 445 1426 -202 32.1 
1127 -114 -1823 579 1548 -244 32.08 
1333 -135 -1671 436 1534 -265 32.12 
1348 -185 -1671 379 1604 -225 32.07 
1318 -194 -1621 365 1645 -198 32.07 
1294 -197 -1579 363 1611 -184 32.09 
1297 -213 -1530 366 1526 -170 32.1 
1335 -208 -1499 388 1427 -172 32.09 
1386 -244 -1526 447 1298 -181 32.09 
1444 -259 -1538 510 1212 -181 32.07 
1452 -247 -1557 547 1180 -183 32.11 
1464 -241 -1530 554 1177 -191 32.08 
1432 -195 -1450 537 1168 -201 32.09 
1460 -214 -1427 511 1135 -221 32.11 
1535 -267 -1460 496 1075 -243 32.12 
1497 -213 -1432 488 1007 -255 32.1 
1490 -188 -1460 472 968 -297 32.11 
1520 -188 -1488 432 999 -353 32.1 
1523 -178 -1478 376 1080 -410 32.12 
1521 -188 -1459 325 1185 -445 32.07 
1469 -193 -1453 282 1278 -446 32.11 
1485 -207 -1447 238 1354 -438 32.1 
1510 -233 -1434 245 1394 -440 32.09 
1561 -239 -1407 324 1391 -445 32.09 
1599 -249 -1388 410 1373 -458 32.12 
1649 -245 -1368 474 1371 -475 32.11 
1727 -245 -1352 504 1391 -484 32.11 
1798 -216 -1306 493 1418 -467 32.13 
1779 -196 -1213 435 1433 -440 32.1 
1753 -168 -1172 324 1442 -410 32.12 
1731 -166 -1191 206 1482 -392 32.08 
1737 -157 -1245 107 1572 -382 32.07 
1720 -182 -1210 33 1696 -367 32.07 
1720 -219 -1173 30 1730 -350 32.1 
1797 -255 -1176 77 1734 -340 32.11 
1816 -258 -1116 147 1736 -317 32.11 
1753 -244 -1010 244 1669 -281 32.1 
1743 -227 -1012 331 1583 -249 32.12 
1760 -217 -1020 415 1528 -221 32.12 
1753 -198 -977 478 1494 -216 32.11 
1763 -197 -944 492 1489 -222 32.1 
1819 -211 -934 503 1481 -236 32.09 
1903 -211 -950 529 1465 -248 32.12 
1903 -201 -917 550 1454 -263 32.1 
1887 -177 -878 558 1456 -292 32.08 
1870 -134 -858 541 1485 -339 32.12 
1883 -114 -824 500 1505 -365 32.11 
1915 -114 -810 449 1561 -400 32.07 
1917 -123 -761 419 1626 -456 32.11 
1995 -138 -750 391 1677 -507 32.11 
2034 -128 -704 339 1703 -527 32.1 
2034 -103 -678 245 1722 -526 32.12 
2034 -108 -655 130 1777 -529 32.13 
2035 -152 -567 93 1925 -505 32.1 
2006 -107 -637 47 1999 -538 32.1 
1997 -138 -606 23 2036 -569 32.09 
1975 -143 -550 74 2059 -592 32.13 
1952 -142 -513 143 2070 -609 32.12 
1949 -152 -498 243 2074 -615 32.1 
1983 -112 -449 344 2082 -608 32.07 
1981 -95 -407 416 2105 -599 32.07 
1972 -81 -361 474 2147 -590 32.06 
1958 -70 -314 557 2196 -578 32.09 
1919 -24 -287 608 2202 -534 32.09 
1915 5 -204 615 2170 -489 32.12 
1944 8 -124 646 2115 -473 32.1 
1985 2 -94 690 2067 -490 32.11 
2032 5 -91 729 2029 -532 32.1 
2089 26 -93 718 2013 -566 32.09 
2096 43 -56 667 2031 -596 32.09 
2106 77 -32 552 2097 -604 32.08 
2103 76 2 431 2144 -589 32.11 
2118 44 4 342 2168 -586 32.1 
2121 64 44 307 2176 -606 32.1 
2064 71 78 294 2185 -634 32.09 
2020 78 86 275 2215 -665 32.11 
1948 128 104 239 2252 -682 32.11 
1869 135 171 208 2252 -681 32.12 
1826 136 249 258 2219 -688 32.11 
1800 138 309 391 2172 -719 32.1 
1774 151 353 519 2115 -733 32.1 
1745 162 389 619 2052 -735 32.08 
1768 185 419 670 2041 -732 32.1 
1795 208 454 688 2031 -738 32.1 
1816 245 549 674 2046 -729 32.1 
1863 237 606 617 2108 -692 32.11 
1944 204 571 556 2158 -638 32.08 
2000 182 544 524 2185 -559 32.13 
1941 170 629 537 2150 -466 32.08 
1873 234 684 648 1997 -402 32.11 
1870 271 639 649 1999 -429 32.11 
1842 298 638 560 2030 -451 32.11 
1790 322 752 446 2010 -435 32.1 
1759 312 825 388 1970 -423 32.09 
1787 291 799 324 1949 -437 32.1 
1767 279 749 185 1932 -442 32.1 
1715 226 784 168 1898 -449 32.11 
1666 198 839 264 1852 -492 32.09 
1644 222 852 387 1861 -544 32.11 
1606 272 881 485 1941 -589 32.1 
1580 300 946 548 2038 -600 32.09 
1578 275 998 627 2096 -615 32.07 
1596 391 1085 804 2064 -753 32.11 
1560 508 1120 783 2034 -845 32.09 
1532 590 1140 649 2032 -920 32.08 
1491 619 1125 485 2049 -965 32.1 
1461 619 1183 274 2085 -1004 32.11 
1457 630 1228 125 2078 -1022 32.08 
1474 593 1192 2 2044 -996 32.09 
1469 578 1229 -110 2013 -943 32.08 
1424 588 1329 -183 1954 -869 32.09 
1360 578 1360 -231 1867 -781 32.12 
1323 556 1347 -247 1764 -682 32.12 
1285 544 1318 -188 1659 -592 32.1 
1239 522 1279 -97 1635 -537 32.09 
1171 536 1311 -59 1703 -495 32.09 
1052 603 1369 -61 1771 -450 32.11 
1018 628 1429 -84 1832 -429 32.07 
1098 591 1500 -83 1889 -419 32.11 
1131 639 1557 -18 1899 -396 32.09 
1147 662 1571 34 1918 -385 32.11 
1114 652 1639 15 1940 -401 32.09 
1106 603 1660 -33 1901 -435 32.09 
1096 590 1679 -64 1757 -424 32.12 
1059 617 1675 -109 1507 -377 32.11 
1045 571 1693 -145 1329 -314 32.12 
995 603 1650 -162 1268 -257 32.1 
973 579 1674 -323 1158 -161 32.09 
1001 531 1671 -307 1076 -95 32.11 
1005 529 1700 -252 953 -48 32.12 
944 585 1756 -200 815 -15 32.1 
880 624 1787 -183 699 6 32.11 
930 560 1646 -141 715 -18 32.11 
925 527 1600 -77 817 -35 32.11 
929 527 1639 -32 953 -39 32.13 
888 565 1712 9 1047 -15 32.14 
821 579 1756 76 1076 34 32.12 
816 602 1730 30 1059 53 32.12 
799 584 1728 -39 954 76 32.13 
799 555 1741 -91 789 140 32.14 
785 540 1762 -104 696 229 32.12 
759 533 1755 -92 674 296 32.13 
785 559 1780 -41 724 349 32.15 
750 576 1833 52 828 347 32.12 
712 582 1908 141 867 292 32.11 
638 701 1924 150 796 257 32.11 
666 691 1842 29 605 282 32.11 
740 623 1810 -53 389 328 32.11 
879 630 1653 -99 210 328 32.12 
1000 633 1611 -448 443 260 32.09 
751 522 1875 -480 638 243 32.11 
741 480 1824 -345 650 198 32.12 
759 528 1816 -234 728 148 32.13 
717 573 1821 -177 759 124 32.13 
857 593 1696 -219 841 113 32.11 
589 683 1882 -411 1004 80 32.11 
602 573 1823 -480 943 95 32.12 
564 476 1860 -443 737 119 32.12 
634 487 1896 -396 518 146 32.12 
699 487 1830 -404 392 171 32.13 
696 472 1714 -458 521 178 32.14 
730 608 1588 -451 911 164 32.11 
565 513 1832 -577 1146 203 32.11 
519 429 1923 -653 975 199 32.12 
555 351 2001 -547 691 166 32.14 
618 369 1996 -497 389 186 32.14 
621 439 1844 -593 366 161 32.12 
580 480 1783 -774 616 116 32.09 
573 435 1750 -938 882 80 32.13 
506 380 1766 -993 1087 48 32.13 
428 302 2021 -931 1072 -23 32.11 
398 228 1937 -757 880 -11 32.14 
425 239 1839 -514 798 -35 32.13 
418 235 1794 -300 806 -49 32.12 
329 253 1852 -74 794 -77 32.12 
286 252 1840 160 727 -99 32.14 
252 231 1860 437 556 -140 32.13 
249 259 1862 742 351 -162 32.11 
232 298 1915 1018 111 -208 32.14 
302 357 1914 1200 -96 -240 32.12 
525 467 1761 1237 -91 -232 32.11 
661 544 1862 1026 241 -193 32.14 
688 568 1994 689 546 -144 32.12 
578 545 2120 253 793 -78 32.14 
414 464 2218 -79 858 -28 32.14 
209 242 2228 -364 589 -158 32.13 
147 259 2001 -300 294 -216 32.14 
180 260 1820 -17 86 -257 32.13 
340 287 1663 315 -9 -263 32.14 
382 394 1691 592 23 -221 32.13 
293 461 1834 726 35 -205 32.13 
256 488 1926 712 -22 -251 32.14 
278 485 1968 585 -48 -304 32.14 
398 664 2016 471 -75 -298 32.13 
520 797 2072 345 -196 -72 32.13 
617 805 1977 -35 -145 381 32.12 
462 672 1849 -280 130 512 32.13 
207 538 1818 -485 476 427 32.14 
126 451 1912 -573 637 274 32.12 
111 447 1992 -576 584 106 32.13 
97 439 1977 -448 442 37 32.12 
124 361 1953 -250 307 -39 32.14 
195 375 1916 -104 263 -136 32.14 
261 447 2081 -23 200 -179 32.12 
349 525 2248 -108 -7 -129 32.12 
397 533 2263 -420 -219 -54 32.14 
380 542 2110 -807 -283 16 32.15 
360 501 1956 -1080 -210 64 32.12 
282 431 1833 -1255 -56 97 32.14 
217 364 1765 -1254 41 103 32.14 
162 300 1694 -1117 70 90 32.14 
167 246 1629 -924 93 65 32.14 
150 191 1599 -708 135 32 32.14 
51 144 1676 -432 141 -24 32.14 
11 121 1689 -131 49 -109 32.13 
37 134 1669 118 8 -218 32.15 
147 152 1674 355 47 -327 32.15 
222 228 1732 534 106 -373 32.13 
268 292 1809 649 125 -344 32.15 
265 313 1843 743 113 -286 32.13 
215 277 1902 800 74 -242 32.14 
157 264 1991 839 -39 -245 32.14 
172 292 1988 856 -215 -277 32.16 
299 325 1919 839 -256 -270 32.15 
376 383 1937 789 -167 -233 32.14 
375 437 2001 679 -46 -182 32.14 
393 475 2026 550 9 -116 32.14 
358 504 2041 407 55 -27 32.13 
335 427 2017 51 161 31 32.12 
362 451 2095 -127 277 25 32.12 
370 465 2133 -305 301 82 32.15 
321 452 2057 -427 316 144 32.12 
306 425 1988 -495 382 157 32.13 
262 393 1958 -503 450 161 32.13 
196 350 1952 -456 436 146 32.16 
143 316 1954 -363 354 96 32.15 
68 290 2009 -233 212 27 32.14 
104 325 1985 -141 77 -46 32.15 
178 432 1620 22 79 -99 32.12 
194 427 1264 578 290 -86 32.16 
61 370 1639 1181 149 -85 32.15 
96 549 1881 1419 -153 -170 32.15 
99 413 1771 1413 -104 -302 32.14 
243 728 1940 1270 158 -510 32.14 
284 869 2120 1096 188 -475 32.15 
329 669 2088 943 136 -345 32.15 
200 638 2136 671 143 -392 32.14 
150 596 2032 463 146 -404 32.14 
87 467 1785 440 178 -459 32.15 
65 497 1727 572 166 -569 32.16 
118 570 1831 691 93 -605 32.15 
151 633 1985 659 -3 -633 32.14 
200 657 2005 481 -88 -649 32.15 
158 578 1954 200 -271 -572 32.15 
281 550 1943 -13 -433 -502 32.17 
341 546 1942 -81 -344 -415 32.11 
287 535 1898 -121 -199 -306 32.14 
269 563 1877 -124 -34 -245 32.16 
168 594 1960 -174 115 -187 32.15 
-64 534 2023 -218 46 -219 32.13 
-29 613 1987 -335 -38 -343 32.17 
123 680 1882 -506 -1 -431 32.17 
147 601 1784 -553 65 -436 32.15 
134 547 1761 -487 56 -426 32.14 
143 532 1784 -369 49 -398 32.17 
166 518 1804 -262 40 -345 32.15 
201 499 1828 -161 19 -281 32.15 
219 516 1881 -80 13 -206 32.16 
219 536 1953 -94 17 -125 32.17 
265 551 1984 -145 -4 -39 32.16 
268 510 1919 -140 -77 104 32.15 
163 457 1883 -136 -82 169 32.17 
120 442 1732 -46 -54 178 32.14 
123 462 1669 123 -28 175 32.14 
92 474 1695 295 2 148 32.14 
59 525 1759 422 38 93 32.16 
70 577 1843 489 39 58 32.15 
106 593 1854 523 27 34 32.13 
108 640 1907 505 107 8 32.17 
112 638 1915 452 81 -21 32.14 
202 586 1778 433 79 -6 32.14 
217 541 1728 499 143 22 32.13 
160 535 1797 563 155 55 32.15 
139 534 1831 594 149 65 32.14 
6 636 2009 409 89 -30 32.14 
36 656 1929 234 45 -82 32.16 
89 728 1968 62 -27 -96 32.14 
79 709 1993 -136 -128 -83 32.14 
62 624 1914 -259 -216 -70 32.17 
64 580 1892 -282 -195 -55 32.16 
90 617 1948 -347 -76 -67 32.14 
128 625 1984 -401 -91 -33 32.16 
147 600 1932 -446 -143 6 32.17 
151 560 1769 -433 -83 19 32.19 
149 540 1716 -314 31 14 32.14 
125 595 1753 -218 144 5 32.14 
65 627 1773 -174 221 -38 32.15 
43 664 1914 -200 199 -103 32.15 
83 727 1952 -327 148 -133 32.15 
265 536 2012 -488 48 -195 32.16 
112 597 1826 -576 4 -177 32.16 
111 603 1807 -552 72 -158 32.18 
81 519 1831 -518 179 -181 32.16 
101 392 1847 -413 225 -191 32.17 
97 392 1809 -253 240 -226 32.16 
124 322 1931 -58 228 -198 32.16 
134 459 1970 103 143 -123 32.15 
73 547 1998 162 102 -64 32.16 
20 604 1986 234 126 -10 32.14 
68 559 1871 276 155 18 32.15 
124 529 1811 280 145 27 32.15 
74 520 1775 190 286 -43 32.15 
69 557 1778 74 343 -98 32.17 
84 572 1824 -123 342 -149 32.16 
129 550 1822 -305 325 -202 32.18 
47 454 1800 -559 293 -255 32.15 
0 442 1910 -490 281 -230 32.16 
-176 492 2123 -385 194 -218 32.15 
-116 571 2146 -350 104 -240 32.17 
-44 516 1985 -308 61 -236 32.14 
17 490 1888 -257 44 -237 32.17 
25 518 1813 -234 72 -252 32.17 
-26 550 1764 -216 147 -286 32.16 
-57 582 1806 -248 190 -320 32.18 
10 533 1791 -366 179 -339 32.14 
17 497 1810 -581 204 -375 32.18 
17 476 1749 -791 242 -428 32.17 
32 377 1767 -883 337 -419 32.16 
41 321 1896 -814 417 -304 32.17 
5 438 2125 -600 449 -180 32.15 
-185 450 2295 -570 247 -45 32.18 
-122 340 2114 -238 54 74 32.15 
-66 390 2012 -27 -16 125 32.16 
-60 415 1904 51 -8 119 32.17 
-93 458 1903 23 0 126 32.18 
-124 505 1906 -9 -26 161 32.17 
-93 418 1864 -88 -47 165 32.16 
-45 421 1829 -234 -80 174 32.17 
-8 445 1815 -478 -103 154 32.16 
-76 588 2066 -747 -34 107 32.15 
-28 447 1916 -953 -44 28 32.16 
-23 324 1944 -1197 -106 -45 32.12 
-29 341 1925 -1394 -162 -93 32.16 
-2 303 1935 -1441 -172 -135 32.16 
-81 275 1984 -1325 -171 -120 32.15 
-56 202 1986 -1132 -208 -64 32.19 
-69 185 2001 -878 -180 -7 32.16 
-5 156 2000 -655 -161 5 32.16 
37 125 2001 -487 -154 29 32.17 
-11 208 1952 -450 -113 6 32.17 
-21 198 1962 -469 -89 -27 32.16 
-3 218 1933 -568 -123 5 32.16 
-44 233 1930 -726 -113 -4 32.16 
-31 194 1936 -794 -107 0 32.14 
-18 176 1943 -867 -116 13 32.19 
-1 158 1954 -932 -107 28 32.14 
-2 139 1951 -947 -79 42 32.17 
38 147 1921 -963 -2 67 32.18 
-7 58 1963 -974 62 55 32.16 
-52 10 2033 -863 -21 18 32.16 
-51 -29 2037 -684 -52 47 32.14 
-28 -32 2018 -464 -43 80 32.14 
-1 38 1975 -352 -19 60 32.16 
-9 38 1974 -327 11 58 32.14 
-38 32 1982 -295 11 58 32.16 
-14 31 1977 -265 5 58 32.15 
-25 52 1955 -272 -8 36 32.15 
-109 -103 2141 -229 -47 -24 32.14 
-35 18 1991 -39 -72 32 32.14 
-13 -10 1981 26 -61 27 32.15 
-26 14 1981 -26 -82 18 32.15 
-22 49 1976 -48 -106 22 32.18 
-22 71 1981 -89 -124 3 32.17 
61 97 1934 -83 -175 27 32.15 
-1 -85 1963 -92 -166 2 32.18 
-33 -112 1972 -16 -56 -10 32.18 
-15 -23 1980 25 -35 -23 32.15 
-25 7 1969 39 -41 -52 32.17 
1 15 1975 36 -52 -80 32.18 
-36 7 1972 23 -56 -90 32.16 
22 -144 1982 106 14 -92 32.17 
25 -62 1976 215 36 -90 32.15 
-22 134 1983 270 21 16 32.15 
178 158 1918 58 52 218 32.14 
102 215 1956 -219 -129 287 32.14 
256 167 1930 -653 -424 351 32.17 
736 -80 1522 -704 -807 439 32.14 
82 -319 1900 -107 -158 479 32.14 
-31 -177 2106 -157 31 394 32.15 
-186 -171 1885 -25 -78 69 32.14 
-210 70 2075 32 18 -110 32.14 
-289 115 1999 -33 -43 -164 32.14 
-228 191 1865 34 23 -207 32.18 
-165 346 1954 -21 -74 -169 32.17 
21 179 1964 -7 -66 -43 32.17 
55 3 1939 6 -44 -6 32.16 
34 3 1979 14 -32 -2 32.17 
14 -2 1987 6 -29 -2 32.15 
-2 -10 1982 7 -30 -1 32.14 
4 -14 1970 7 -34 0 32.16 
29 -4 1973 6 -33 0 32.17 
11 -3 1978 7 -33 -1 32.16 
4 -12 1974 7 -34 -1 32.17 
28 -5 1974 7 -34 -1 32.18 
7 -3 1981 6 -32 -1 32.17 
13 -12 1975 7 -34 0 32.17 
22 -9 1994 6 -34 -2 32.18 
17 -4 1978 5 -34 0 32.19 
11 -6 1972 6 -34 0 32.17 
17 -5 1979 7 -34 -1 32.16 
16 -6 1982 4 -34 0 32.16 
16 -4 1981 8 -35 -1 32.13 
17 -4 1970 7 -34 -1 32.14 
11 -10 1971 6 -34 0 32.15 
22 -4 1981 7 -33 -1 32.17 
14 -7 1966 7 -34 0 32.15 
9 -9 1977 6 -35 0 32.16 
20 3 1977 7 -34 0 32.19 
6 -2 1974 6 -33 -1 32.18 
2 -7 1974 7 -34 0 32.17 
13 -7 1972 7 -34 -1 32.17 
18 -8 1965 6 -34 -2 32.19 
11 -7 1968 6 -34 -2 32.13 
8 -11 1978 7 -33 -2 32.17 
17 -7 1976 7 -34 0 32.14 
5 -10 1971 6 -34 0 32.16 
25 -4 1974 6 -34 0 32.17 
9 -7 1978 7 -35 0 32.19 
26 0 1976 5 -34 0 32.19 
22 -4 1975 8 -35 -2 32.17 
23 -3 1980 6 -35 0 32.17 
17 -4 1969 6 -33 -1 32.18 
5 -11 1975 7 -34 -1 32.17 
-1 -10 1970 6 -34 -1 32.17 
6 -6 1975 5 -34 -1 32.16 
4 -11 1972 6 -34 -1 32.16 
16 -4 1981 7 -34 -2 32.17 
4 -10 1973 8 -34 -1 32.16 
19 -7 1980 6 -34 -1 32.18 
15 -12 1983 7 -35 0 32.17 
21 -5 1979 7 -35 0 32.14 
7 -11 1984 8 -34 -1 32.18 
4 -8 1983 7 -35 -1 32.17 
29 -3 1976 7 -34 -1 32.16 
6 -11 1975 6 -33 0 32.16 
19 -1 1981 6 -35 0 32.14 
15 -5 1969 7 -35 0 32.17 
14 -11 1974 7 -35 -1 32.18 
20 -5 1972 6 -34 0 32.16 
31 -3 1981 5 -34 -1 32.17 
12 -5 1975 5 -34 -1 32.15 
20 -10 1975 6 -35 -2 32.15 
13 -9 1974 7 -33 0 32.16 
19 -8 1971 9 -34 0 32.17 
9 -12 1971 6 -35 0 32.14 
22 -4 1978 6 -34 -1 32.15 
7 -8 1978 7 -34 -2 32.15 
19 -1 1981 7 -35 -1 32.12 
25 -4 1971 6 -36 -1 32.16 
8 -9 1980 6 -34 0 32.17 
13 -8 1973 5 -35 -1 32.17 
19 0 1979 6 -35 0 32.16 
15 -2 1977 5 -35 0 32.16 
9 -7 1972 7 -34 0 32.17 
20 1 1977 8 -36 0 32.17 
18 -2 1989 7 -34 0 32.15 
20 2 1984 -1 -45 1 32.15 
32 -13 1957 11 -27 -1 32.14 
30 -6 1982 7 -34 -2 32.15 
27 -2 1988 8 -34 -1 32.16 
3 -14 1980 8 -32 -2 32.15 
13 -7 1977 7 -36 0 32.14 
4 -9 1970 5 -37 -1 32.14 
14 -5 1977 3 -41 -1 32.15 
19 -3 1963 10 -30 -1 32.14 
5 3 2001 1 -42 0 32.14 
24 -15 1950 2 -39 -1 32.15 
17 -13 1980 12 -28 -2 32.17 
24 3 1975 5 -39 0 32.15 
27 1 1973 8 -31 -1 32.14 
31 -5 1968 5 -36 0 32.14 
7 -9 1976 7 -34 -1 32.14 
14 -5 1970 8 -31 -1 32.17 
13 -14 1972 1 -42 -1 32.14 
16 9 2008 13 -24 0 32.15 
50 -18 1941 -3 -47 1 32.14 
-3 14 2016 18 -17 -2 32.14 
14 -2 1969 -7 -52 0 32.14 
29 -8 1959 16 -22 -1 32.15 
6 1 1994 11 -30 -1 32.17 
18 -5 1974 -2 -46 1 32.18 
15 -15 1961 6 -36 0 32.16 
6 -6 1996 3 -39 -1 32.14 
42 -18 1943 2 -37 -1 32.14 
-8 3 2004 9 -29 -1 32.14 
22 -10 1958 7 -34 0 32.15 
15 -1 1997 16 -21 -2 32.15 
3 4 1990 -1 -43 0 32.14 
19 -15 1952 6 -33 -1 32.14 
13 -6 1982 3 -39 0 32.18 
9 -5 1981 8 -32 -1 32.16 
11 -5 1979 7 -33 -1 32.16 
29 -3 1976 5 -35 0 32.14 
7 -16 1969 6 -34 0 32.14 
7 -7 1974 5 -37 0 32.15 
4 -11 1976 6 -38 1 32.16 
24 1 1978 10 -30 -1 32.14 
17 1 1990 4 -38 -1 32.15 
17 -15 1976 10 -31 -1 32.15 
10 -10 1981 6 -35 -1 32.15 
24 -4 1974 6 -33 -1 32.15 
11 -3 1983 6 -35 -1 32.17 
16 -9 1973 9 -31 -1 32.15 
19 -7 1980 8 -31 -1 32.15 
14 -4 1975 8 -33 -2 32.12 
13 -10 1978 6 -35 -1 32.16 
2 -14 1975 8 -33 -1 32.18 
25 -4 1980 7 -34 -1 32.15 
13 -4 1964 6 -35 -1 32.15 
26 -8 1972 8 -32 0 32.15 
15 -4 1975 9 -33 -1 32.15 
18 -9 1973 7 -32 -1 32.17 
27 -2 1980 6 -33 0 32.15 
25 4 1967 6 -35 0 32.15 
28 2 1973 8 -35 -3 32.17 
22 1 1970 6 -34 -1 32.14 
16 -1 1970 7 -35 0 32.13 
22 -4 1985 7 -35 -1 32.17 
7 -8 1972 6 -35 0 32.14 
2 -10 1983 6 -34 0 32.14 
7 -11 1967 7 -34 -1 32.17 
26 -4 1975 7 -34 -2 32.16 
10 -9 1976 5 -34 -1 32.15 
18 -8 1983 7 -35 -2 32.15 
21 -6 1975 6 -35 -1 32.14 
16 -1 1967 8 -34 0 32.13 
28 1 1974 8 -34 0 32.16 
13 -14 1974 6 -34 0 32.15 
18 -5 1982 7 -35 -1 32.17 
19 -9 1979 6 -35 0 32.16 
2 -15 1968 8 -34 0 32.16 
4 -8 1974 7 -35 -1 32.15 
9 -10 1972 6 -33 0 32.14 
11 -6 1972 6 -34 0 32.14 
7 -11 1975 8 -34 0 32.14 
1 -14 1976 7 -35 0 32.14 
5 -16 1977 7 -35 -1 32.14 
8 -7 1975 6 -36 -1 32.15 
24 -5 1975 6 -35 -1 32.16 
8 -11 1977 7 -34 -1 32.15 
18 -4 1977 5 -34 0 32.14 
21 -6 1978 6 -34 -1 32.17 
9 -8 1976 6 -35 -1 32.16 
25 -6 1976 6 -35 -1 32.14 
26 -10 1973 6 -35 0 32.16 
5 -9 1980 8 -35 -1 32.14 
12 -10 1964 6 -34 0 32.15 
7 -12 1981 5 -34 -1 32.16 
7 -14 1977 6 -34 -1 32.17 
8 -10 1974 6 -35 0 32.16 
7 -8 1969 7 -35 -1 32.16 
6 -5 1979 6 -35 0 32.12 
0 -6 1979 5 -35 0 32.13 
22 -4 1976 7 -35 0 32.13 
17 -6 1977 7 -34 -1 32.15 
15 -7 1972 7 -35 0 32.18 
30 -8 1981 7 -35 -1 32.14 
13 -5 1973 7 -35 0 32.17 
15 -8 1970 8 -35 0 32.16 
21 -12 1971 5 -36 -1 32.16 
1 -8 1968 7 -34 -1 32.17 
16 1 1971 7 -34 0 32.14 
3 -11 1980 6 -34 0 32.16 
4 -8 1984 7 -36 0 32.13 
65 -35 1910 1 -47 0 32.16 
-32 5 2027 -6 -41 -1 32.16 
69 -41 1877 -9 -53 0 32.15 
2 23 2039 8 -49 2 32.15 
67 -35 1888 4 -44 1 32.14 
-39 32 2087 9 -32 0 32.16 
43 -57 1889 14 -18 -1 32.17 
-19 3 2022 -9 -44 0 32.15 
17 -21 1952 20 -8 -2 32.17 
40 3 1971 5 -41 0 32.16 
22 -14 1945 10 -36 -1 32.14 
10 -2 1980 8 -34 0 32.13 
10 -6 1973 5 -35 -1 32.15 
33 -5 1985 6 -33 -1 32.17 
31 -5 1978 3 -37 -2 32.17 
15 -7 1981 0 -41 0 32.14 
25 -6 1969 7 -34 -1 32.18 
21 -8 1960 -2 -47 0 32.17 
-15 30 2024 20 -16 -3 32.17 
33 -30 1914 -20 -69 0 32.17 
36 -22 1962 38 7 -4 32.15 
3 -2 1992 -15 -70 1 32.17 
31 -23 1933 21 -6 -2 32.15 
-21 10 2035 -1 -38 0 32.15 
52 -35 1895 3 -38 0 32.17 
7 7 1984 21 -20 0 32.16 
2 -4 1998 0 -43 0 32.16 
28 -14 1958 5 -38 -1 32.16 
17 -2 1989 5 -34 -1 32.17 
23 -10 1968 8 -32 0 32.14 
6 0 1986 4 -37 -2 32.14 
7 -13 1960 13 -26 -2 32.17 
16 -13 1979 9 -33 -2 32.17 
7 -11 1967 4 -40 -1 32.15 
1 -4 1991 5 -33 0 32.19 
28 -10 1945 1 -40 0 32.16 
12 -3 1987 9 -29 -1 32.17 
7 -8 1980 6 -34 -1 32.16 
25 2 1983 6 -35 -1 32.15 
13 -5 1969 7 -33 0 32.16 
3 -9 1976 7 -33 -2 32.15 
24 -9 1970 3 -41 0 32.15 
24 -9 1969 7 -32 -2 32.14 
7 -10 1975 8 -35 0 32.15 
3 -12 1982 10 -30 0 32.14 
22 -4 1981 7 -36 1 32.16 
-4 1 2006 8 -31 0 32.17 
53 -35 1891 -13 -68 1 32.16 
-29 -7 2043 13 -50 1 32.14 