-5 -5 1979 5 -37 1 32.6 
-23 -8 1975 6 -35 -1 32.59 
-14 -12 1973 7 -35 -1 32.59 
-24 -6 1962 8 -35 -1 32.59 
-19 -4 1963 7 -34 -1 32.59 
-22 -9 1971 6 -35 0 32.6 
-20 -9 1971 6 -35 0 32.6 
-22 -5 1970 5 -34 1 32.6 
-16 -1 1969 5 -37 -1 32.59 
-23 -11 1965 6 -35 -1 32.63 
-24 -7 1972 7 -35 -1 32.59 
-22 -6 1972 8 -34 0 32.59 
-3 1 1973 7 -36 0 32.6 
-12 -1 1968 6 -34 -1 32.59 
-1 0 1972 6 -35 0 32.6 
-2 -2 1977 7 -35 -2 32.6 
2 -2 1971 7 -35 -1 32.6 
2 -1 1970 7 -35 0 32.6 
-9 -6 1982 7 -35 -1 32.58 
-16 -9 1978 4 -36 2 32.62 
-22 -13 1970 6 -36 0 32.59 
-11 -5 1973 6 -35 0 32.61 
-18 -16 1973 6 -35 -1 32.61 
-27 -13 1973 7 -34 1 32.59 
-20 -7 1973 6 -33 -1 32.6 
-15 -5 1970 5 -36 0 32.6 
-12 2 1976 5 -35 0 32.62 
3 0 1972 7 -36 1 32.58 
-15 -7 1962 6 -36 2 32.59 
1 -12 1963 6 -34 0 32.61 
-9 -8 1968 6 -35 0 32.59 
-4 -11 1969 6 -35 0 32.58 
-24 -7 1973 6 -35 1 32.58 
-26 -13 1968 6 -34 0 32.61 
-13 -12 1965 6 -34 0 32.62 
-14 -9 1973 6 -34 0 32.59 
-13 -6 1972 7 -36 0 32.61 
-19 -3 1970 5 -35 -1 32.62 
-16 -11 1974 5 -35 1 32.6 
-3 -7 1966 6 -35 -1 32.64 
-30 -6 1964 8 -35 0 32.6 
-5 0 1971 6 -35 1 32.6 
1 3 1974 6 -36 1 32.59 
-22 -7 1974 7 -35 -1 32.63 
-18 -12 1967 5 -35 0 32.6 
-27 -13 1962 6 -36 0 32.62 
-21 -3 1975 8 -36 1 32.6 
-3 -1 1964 7 -35 1 32.6 
-5 -4 1974 8 -35 1 32.6 
-11 -12 1973 7 -35 0 32.6 
-17 -10 1960 7 -34 1 32.6 
-15 -8 1968 6 -34 0 32.6 
-12 -9 1966 8 -34 0 32.61 
-15 -9 1970 5 -35 -1 32.59 
-13 -9 1971 5 -35 1 32.62 
-18 -8 1968 7 -36 0 32.64 
-12 -5 1973 6 -35 0 32.63 
-24 -10 1974 6 -34 1 32.6 
-18 -5 1974 7 -34 0 32.62 
-4 -1 1971 4 -34 0 32.61 
-4 -2 1979 6 -35 -1 32.6 
-23 -10 1973 6 -35 -1 32.6 
-32 -11 1964 5 -35 0 32.61 
-29 -13 1960 5 -36 0 32.62 
-20 -3 1972 7 -35 0 32.63 
-24 -11 1974 6 -35 1 32.62 
-10 -3 1967 7 -34 1 32.63 
-26 -10 1980 6 -35 0 32.61 
-14 -8 1979 6 -35 0 32.61 
-6 -6 1977 7 -35 0 32.61 
4 3 1958 5 -35 0 32.63 
-23 -10 1966 6 -35 -1 32.62 
-17 -2 1972 5 -35 0 32.6 
-18 -8 1970 8 -34 1 32.62 
-19 -10 1974 6 -34 0 32.62 
-23 -9 1964 7 -34 2 32.62 
-20 -9 1976 7 -35 0 32.6 
-15 -6 1974 6 -35 -2 32.62 
-23 -8 1966 5 -35 -1 32.6 
-13 -4 1975 6 -35 -1 32.61 
-10 -7 1972 7 -34 0 32.6 
2 -6 1965 6 -36 0 32.59 
-22 -10 1968 7 -35 -1 32.6 
-5 -7 1971 5 -35 0 32.62 
-13 -6 1970 8 -35 0 32.61 
-2 -5 1970 8 -35 0 32.61 
4 -12 1968 8 -35 0 32.61 
-23 -8 1975 6 -35 0 32.6 
-20 -2 1967 7 -36 0 32.59 
-34 -7 1970 7 -36 0 32.6 
-6 -1 1972 5 -36 0 32.61 
-22 -8 1973 6 -36 0 32.62 
-18 -8 1977 6 -36 -1 32.62 
-10 -5 1974 7 -36 1 32.62 
-12 -6 1978 5 -35 0 32.6 
-15 -11 1975 6 -34 -2 32.61 
-7 -4 1978 5 -35 0 32.62 
-14 -7 1974 7 -34 0 32.62 
-7 -1 1975 7 -34 -1 32.61 
-22 -12 1968 5 -35 0 32.56 
-11 -1 1971 6 -36 0 32.57 
-19 -9 1969 5 -35 1 32.59 
-21 -3 1978 6 -36 1 32.59 
-23 -8 1979 7 -35 0 32.61 
-9 -3 1974 6 -34 0 32.6 
-3 -1 1976 6 -34 0 32.6 
-13 -2 1974 6 -36 1 32.62 
-10 -3 1973 6 -34 1 32.61 
-17 -7 1975 5 -36 0 32.62 
-26 -9 1973 8 -34 0 32.62 
-29 -12 1975 8 -35 -1 32.62 
-23 -14 1960 7 -35 1 32.62 
-22 -9 1968 8 -35 0 32.61 
-15 -7 1965 8 -35 -1 32.6 
-18 -11 1970 6 -35 -1 32.58 
-17 -2 1978 8 -35 0 32.61 
-15 -8 1970 7 -34 0 32.6 
-16 -9 1978 7 -35 -1 32.62 
-8 -9 1972 7 -36 0 32.61 
-19 -6 1980 6 -35 0 32.62 
-21 -9 1972 7 -36 -1 32.61 
-15 -8 1968 8 -35 -1 32.62 
-7 -14 1972 5 -35 -2 32.62 
-21 -11 1974 4 -36 0 32.62 
-15 -11 1968 7 -36 -1 32.62 
-8 -10 1978 6 -35 1 32.61 
-15 -9 1978 6 -36 0 32.62 
-10 -5 1969 6 -37 0 32.62 
-13 -7 1968 6 -35 1 32.61 
-6 -12 1973 7 -35 1 32.59 
-9 -5 1971 6 -35 1 32.61 
-21 -8 1972 7 -34 0 32.6 
-14 -1 1974 6 -35 1 32.61 
-18 -8 1966 6 -36 0 32.64 
-3 -8 1976 7 -36 0 32.64 
-13 -4 1966 6 -36 1 32.62 
-13 -5 1978 4 -34 0 32.63 
-4 -1 1972 6 -35 0 32.62 
-10 -4 1979 6 -35 0 32.6 
-11 -2 1977 6 -35 0 32.62 
-18 -10 1973 7 -35 0 32.63 
-6 -6 1967 7 -35 0 32.59 
-14 -6 1973 5 -35 -1 32.64 
-12 -13 1975 5 -35 1 32.63 
-16 -6 1965 5 -34 0 32.63 
-6 -6 1972 4 -35 1 32.63 
-5 -5 1982 6 -35 0 32.63 
-20 -5 1981 5 -35 0 32.65 
-10 -1 1967 8 -35 0 32.61 
-12 -12 1981 5 -34 1 32.61 
-7 -4 1974 7 -34 -1 32.62 
-12 -6 1978 6 -36 1 32.63 
-16 -5 1970 7 -35 0 32.63 
-24 -6 1971 6 -36 0 32.6 
-13 -7 1979 6 -35 0 32.6 
-14 -13 1969 7 -35 1 32.6 
-4 0 1973 4 -34 0 32.62 
-20 -7 1966 6 -35 0 32.63 
-14 -7 1975 6 -34 -1 32.61 
-17 -8 1975 7 -36 0 32.63 
-17 -13 1968 6 -35 0 32.62 
-15 -10 1975 6 -36 -1 32.62 
-11 -11 1967 6 -36 -1 32.63 
-19 -11 1966 5 -35 0 32.64 
-20 -9 1979 6 -35 -1 32.62 
-19 -8 1978 6 -35 0 32.61 
-21 -8 1968 7 -35 0 32.62 
-15 -10 1968 6 -34 0 32.6 
-20 -6 1971 7 -34 0 32.63 
-20 -9 1980 6 -35 -1 32.63 
-18 -5 1977 6 -34 0 32.63 
-12 -10 1974 7 -35 -1 32.62 
-16 -12 1972 7 -34 -1 32.64 
-22 -8 1967 6 -34 0 32.62 
-5 -3 1974 6 -35 0 32.64 
-8 -6 1969 6 -35 0 32.63 
-13 -14 1975 7 -35 -1 32.62 
-5 -8 1971 7 -33 0 32.59 
-10 -7 1970 6 -34 0 32.6 
-19 -12 1972 7 -35 0 32.62 
-8 -3 1975 8 -34 1 32.62 
-16 -9 1966 8 -33 0 32.62 
-14 -6 1965 5 -35 0 32.61 
-6 -5 1976 6 -36 1 32.62 
-21 -8 1983 6 -36 -2 32.63 
-24 -8 1978 6 -35 1 32.64 
-18 -9 1970 6 -36 0 32.62 
-21 -8 1976 6 -36 1 32.63 
-7 -7 1976 8 -34 0 32.61 
-8 -14 1970 7 -33 0 32.61 
-19 -11 1971 5 -34 1 32.61 
-13 -10 1969 5 -37 0 32.61 
-18 -7 1972 5 -37 1 32.64 
-1 -6 1968 6 -37 0 32.61 
-16 -9 1975 6 -34 1 32.61 
-20 -10 1973 7 -35 0 32.62 
-19 -10 1969 5 -35 0 32.62 
-12 -4 1973 4 -35 0 32.62 
-19 -13 1961 6 -35 0 32.62 
-20 -10 1973 7 -35 0 32.64 
-3 -11 1969 7 -36 -1 32.62 
-5 -5 1960 7 -35 -1 32.62 
-16 -10 1973 7 -35 0 32.61 
-24 -8 1973 8 -35 0 32.63 
-9 -5 1969 7 -34 0 32.62 
-8 5 1968 8 -33 0 32.62 
-13 0 1977 6 -34 0 32.63 
-3 -2 1967 8 -35 -1 32.62 
-18 -12 1978 6 -35 -1 32.64 
-32 -16 1974 6 -35 0 32.63 
-16 -11 1960 6 -33 1 32.61 
-13 -7 1961 6 -35 -1 32.61 
-29 -7 1966 6 -35 -2 32.62 
-17 -9 1974 6 -36 0 32.6 
-14 2 1978 7 -35 1 32.62 
-13 -7 1973 8 -35 0 32.64 
-10 -5 1969 6 -37 0 32.65 
-7 -9 1972 7 -34 1 32.62 
4 -7 1968 7 -35 -1 32.6 
-15 -13 1975 7 -34 0 32.6 
-13 -7 1970 6 -35 0 32.61 
-18 -8 1970 6 -34 1 32.64 
-11 -6 1966 7 -34 0 32.62 
-16 -11 1968 6 -34 0 32.61 
-22 -7 1975 7 -37 0 32.61 
-24 -9 1976 7 -34 0 32.62 
-13 -9 1970 6 -36 -1 32.6 
-7 -6 1974 5 -35 0 32.62 
-6 -3 1977 6 -35 0 32.62 
-16 -7 1978 8 -34 1 32.61 
-21 -12 1970 5 -34 -1 32.61 
-14 -9 1968 5 -36 2 32.62 
-21 -4 1962 6 -35 1 32.61 
-17 -11 1970 7 -35 0 32.6 
-19 -10 1974 6 -34 0 32.6 
-16 -8 1971 8 -34 0 32.61 
-21 -7 1968 7 -35 0 32.63 
-22 -12 1970 6 -34 0 32.62 
0 -4 1975 6 -35 0 32.6 
-14 -6 1967 6 -35 0 32.61 
-15 -13 1981 7 -35 0 32.6 
-26 -10 1970 7 -35 -1 32.59 
-6 -4 1970 6 -36 1 32.61 
-12 -6 1971 5 -34 -1 32.63 
-27 -12 1976 6 -34 1 32.62 
-8 2 1975 6 -35 1 32.64 
-30 -12 1979 7 -35 1 32.63 
-10 -6 1972 6 -35 1 32.62 
-21 -14 1970 6 -34 1 32.63 
-7 2 1968 7 -35 1 32.62 
-6 -9 1969 6 -35 0 32.59 
-4 -4 1973 7 -35 1 32.59 
-27 -12 1975 5 -36 0 32.59 
-15 -7 1977 8 -35 1 32.6 
-5 -7 1965 7 -35 0 32.62 
-10 -4 1969 6 -35 0 32.62 
-19 -12 1971 5 -36 -1 32.61 
-9 -8 1964 7 -35 -1 32.61 
-21 -8 1978 7 -35 0 32.61 
-9 -1 1971 6 -35 -1 32.61 
-13 -12 1969 8 -35 0 32.61 
-10 -7 1973 8 -34 0 32.6 
-18 -6 1969 7 -35 0 32.59 
-19 -5 1973 6 -35 -1 32.61 
-13 -10 1976 7 -35 -1 32.61 
-11 -6 1962 8 -33 1 32.61 
-13 -8 1978 6 -34 -1 32.6 
-15 -7 1972 7 -35 1 32.6 
-13 2 1969 8 -36 1 32.6 
-10 -4 1973 6 -35 0 32.63 
-6 -4 1968 5 -35 1 32.61 
-16 -6 1971 6 -34 2 32.62 
-20 -11 1966 7 -36 0 32.6 
-20 -8 1971 6 -36 0 32.62 
-10 -6 1973 6 -36 0 32.62 
-16 -6 1980 6 -34 0 32.6 
-11 -7 1975 6 -35 1 32.62 
-21 -7 1973 6 -33 0 32.62 
-8 -3 1969 12 -29 1 32.62 
-18 -1 1973 11 -31 0 32.62 
-16 3 1971 9 -32 2 32.59 
-104 63 1964 17 -22 22 32.6 
-316 -202 2002 77 -6 -13 32.62 
-109 -138 1998 263 19 -314 32.61 
-223 413 2075 396 108 -414 32.62 
-39 111 2002 -4 -46 -166 32.6 
169 -37 1983 86 129 81 32.59 
452 -447 1933 333 415 261 32.6 
247 -299 2120 990 922 228 32.6 
62 -413 2200 1722 1161 75 32.62 
55 -439 2212 2572 1389 -168 32.59 
90 -397 2144 3603 1630 -485 32.62 
-4 -321 2103 4578 1805 -790 32.61 
-636 951 3310 5320 1644 -1047 32.61 
-491 1073 357 3357 -788 -442 32.62 
-1640 1194 1156 1608 -1645 -84 32.63 
-654 1444 2377 -843 -2462 257 32.62 
347 246 2035 -2028 -2525 427 32.64 
516 342 1213 -1858 -1526 96 32.63 
301 339 2243 -2036 390 33 32.6 
-132 47 2224 -1205 -215 -51 32.62 
-142 212 2049 -1158 89 -72 32.62 
3 456 1778 -1138 -122 -46 32.61 
-153 351 1924 -1407 -7 143 32.61 
-8 454 1735 -1824 15 374 32.61 
-99 405 1813 -2322 -8 563 32.64 
-132 348 1799 -2808 10 722 32.62 
-38 302 1764 -3311 -68 786 32.6 
-888 -1463 3297 -2052 -1383 575 32.61 
221 -501 2254 -185 70 220 32.61 
838 -330 1429 196 -203 327 32.62 
286 203 1614 372 -40 425 32.6 
-406 151 1963 -21 -156 446 32.62 
4 -106 1984 32 -46 191 32.62 
-51 -61 2028 2 -4 32 32.62 
-11 -4 1963 -2 -31 3 32.62 
15 8 1938 1 -41 1 32.63 
-24 8 1978 11 -37 2 32.64 
-28 10 1982 7 -33 -1 32.61 
-11 5 1964 9 -29 0 32.59 
-11 -2 1967 6 -35 1 32.64 
-16 4 1960 8 -37 -1 32.63 
-15 4 1964 9 -37 0 32.62 
-25 3 1980 9 -32 2 32.63 
-8 12 1980 7 -31 3 32.62 
-31 5 1972 9 -31 2 32.62 
-23 0 1968 9 -33 1 32.6 
-19 7 1968 12 -32 1 32.61 
-11 4 1965 10 -32 1 32.6 
-18 7 1982 13 -29 6 32.61 
-10 14 1981 12 -26 41 32.61 
18 -20 1958 29 -2 83 32.61 
97 -86 1943 125 135 56 32.6 
150 -224 1945 304 394 -80 32.63 
-24 -147 2225 657 588 -339 32.62 
-289 -431 2427 1294 45 -653 32.59 
212 -108 1970 1865 33 -1019 32.63 
49 -341 2157 2703 66 -1194 32.64 
74 -229 2060 3447 180 -1299 32.62 
115 -47 1929 4129 606 -1269 32.6 
61 68 1900 4603 1114 -1165 32.58 
-32 1170 3092 4729 1247 -1027 32.61 
-467 1538 323 2196 -81 -197 32.62 
158 981 379 9 -946 255 32.63 
-1590 1975 2839 -1981 -1543 656 32.63 
8 231 2226 -2135 -1513 760 32.63 
604 411 1523 -2201 -53 633 32.61 
-312 -59 2367 -2045 319 451 32.62 
254 308 1706 -1777 -85 144 32.62 
-105 318 1939 -2067 -42 -127 32.63 
-66 384 1846 -2429 -216 -198 32.62 
-110 452 1798 -2924 -432 -120 32.62 
-131 433 1773 -3589 -583 22 32.61 
149 431 2043 -4429 -137 278 32.61 
-498 -858 1706 369 277 -15 32.61 
-672 308 2983 -627 179 -26 32.63 
240 -521 1786 -236 -27 161 32.63 
345 -94 1689 -115 -115 70 32.62 
314 -183 1734 -53 -116 -40 32.64 
-57 -202 2019 15 -24 -140 32.63 
-132 112 2139 9 27 -175 32.63 
-116 110 2021 18 -7 -118 32.61 
-88 79 1956 32 -29 -56 32.61 
19 -96 1949 172 -8 -14 32.6 
94 -180 1985 370 66 -46 32.62 
-119 86 1999 184 19 -120 32.62 
-7 -60 1967 100 -22 -197 32.62 
-53 93 2005 -11 -10 -284 32.62 
49 -27 1841 16 -17 -294 32.62 
56 74 1891 45 -33 -391 32.62 
77 -26 1985 164 205 -452 32.64 
124 -188 1936 365 449 -510 32.63 
-438 -162 2476 813 293 -568 32.62 
191 33 1809 1241 -36 -729 32.64 
30 -254 2134 2265 -10 -874 32.61 
54 -169 2058 2998 21 -974 32.62 
100 -18 1949 3544 345 -952 32.62 
84 83 1898 3913 712 -860 32.62 
204 108 1922 4156 964 -728 32.62 
-452 1273 2051 3436 291 -332 32.61 
-1091 1304 1235 1493 -213 -15 32.59 
-634 1172 1355 -419 -1219 369 32.64 
12 1170 1676 -1485 -1600 785 32.65 
1071 529 1182 -2010 -171 926 32.64 
45 2 2067 -2160 576 740 32.62 
-214 289 2098 -1789 -243 426 32.63 
-36 404 1863 -2097 -209 269 32.62 
-215 435 1982 -2552 -480 93 32.63 
160 344 1491 -3228 -148 -51 32.65 
323 352 1403 -4080 -35 17 32.63 
-36 372 1769 -4612 9 54 32.62 
824 -1910 869 -261 -21 -434 32.61 
561 84 1507 -142 -121 -721 32.63 
-399 42 2258 -791 -11 -357 32.62 
78 -181 1931 -31 -23 -53 32.62 
113 -83 1894 261 3 10 32.65 
94 18 1990 373 68 27 32.62 
2 28 1897 34 -17 167 32.63 
67 -32 1913 -2 -53 158 32.61 
-77 16 2000 6 -33 98 32.6 
-42 2 1983 31 -10 11 32.62 
92 -100 1955 70 50 -32 32.63 
297 -310 1873 342 444 -218 32.62 
-145 -381 2467 936 545 -501 32.64 
-153 -436 2345 2042 -183 -875 32.64 
-57 -146 2116 2589 91 -939 32.62 
-51 -163 2100 3161 90 -986 32.64 
24 -2 1976 3720 212 -983 32.62 
55 53 1918 4015 402 -986 32.63 
134 118 1936 4166 459 -1008 32.62 
-154 617 2409 4084 188 -990 32.62 
-740 1180 560 1979 -1052 -468 32.62 
21 1352 1353 36 -1838 -87 32.63 
391 1006 876 -1607 -1283 396 32.64 
-114 824 1926 -2564 -2 463 32.62 
73 770 1645 -3164 179 655 32.63 
124 694 1427 -3919 123 826 32.63 
51 729 1456 -4919 110 984 32.64 
-93 704 1432 -5957 167 1184 32.6 
-3124 -2209 10556 -5181 -565 1298 32.65 
-688 -29 1487 -400 -1177 806 32.6 
944 131 -177 -1090 -666 931 32.6 
918 -617 236 -1016 1226 1316 32.63 
822 183 1037 1617 1528 1501 32.63 
-1131 -272 3280 -204 381 1106 32.61 
-143 -324 1853 -63 105 878 32.61 
170 -257 1622 257 309 754 32.6 
164 -287 2151 102 -3 566 32.62 
128 -236 1818 35 -74 325 32.61 
19 -192 1996 14 -64 132 32.62 
-64 -55 2018 14 -31 20 32.62 
-67 -15 2010 5 -13 2 32.6 
-14 -12 1970 3 -27 -1 32.63 
5 -5 1980 6 -32 1 32.6 
4 -4 1971 7 -34 0 32.6 
13 -1 1964 7 -36 0 32.6 
-23 -13 1974 7 -35 1 32.63 
-24 -13 1968 6 -36 2 32.63 
3 -7 1979 5 -35 1 32.63 
-36 -17 1971 4 -35 0 32.62 
-28 -9 1975 6 -35 0 32.64 
-4 -4 1972 7 -36 0 32.61 
-18 -2 1969 8 -34 0 32.62 
-21 -11 1969 4 -35 -1 32.63 
-14 -8 1977 5 -34 0 32.62 
3 -2 1971 7 -35 1 32.63 
-22 -13 1970 6 -34 1 32.63 
-11 -5 1971 4 -34 0 32.6 
-7 -6 1973 6 -34 0 32.66 
-12 -5 1983 7 -35 1 32.63 
-15 -12 1973 7 -36 2 32.64 
4 -3 1975 7 -35 1 32.62 
-6 -4 1975 7 -35 0 32.62 
-4 2 1975 6 -35 1 32.64 
-15 -11 1962 7 -35 0 32.62 
-6 -2 1965 6 -34 -1 32.63 
-25 -15 1971 6 -36 -1 32.64 
-29 -11 1970 5 -35 1 32.63 
-13 -5 1973 6 -35 0 32.61 
-15 -9 1974 7 -35 0 32.61 
-22 -9 1973 8 -34 0 32.65 
3 3 1976 5 -35 0 32.64 
9 -6 1977 6 -35 1 32.63 
-23 -9 1973 7 -36 0 32.63 
-11 -3 1974 6 -36 -2 32.63 
-7 -10 1972 7 -35 1 32.62 
-20 -4 1975 7 -35 0 32.61 
-10 -4 1971 6 -35 0 32.63 
-1 -5 1969 6 -35 1 32.62 
-8 -7 1961 6 -34 -1 32.61 
4 0 1975 7 -34 3 32.63 
-22 -11 1975 7 -35 0 32.61 
-5 -5 1970 6 -35 1 32.63 
3 -8 1972 6 -35 0 32.63 
-12 -6 1969 7 -35 1 32.6 
-1 2 1966 5 -36 0 32.63 
2 -7 1975 7 -35 -1 32.63 
-5 -4 1980 5 -36 0 32.64 
-27 -6 1974 7 -34 1 32.62 
-24 -6 1976 7 -35 0 32.62 
0 -1 1975 5 -35 -1 32.63 
-34 -10 1971 6 -35 1 32.61 
-30 -13 1972 7 -34 0 32.62 
-5 -8 1970 6 -35 -1 32.61 
-20 -17 1963 6 -36 1 32.63 
-33 -13 1969 5 -34 0 32.62 
-22 -18 1976 7 -35 0 32.6 
-5 -7 1978 6 -34 -1 32.63 
-2 -9 1961 5 -34 0 32.62 
-24 -16 1973 6 -35 0 32.64 
-22 -19 1967 7 -35 0 32.62 
-10 -14 1971 7 -34 1 32.6 
-11 -4 1973 7 -34 1 32.63 
-30 -8 1972 6 -34 0 32.62 
-10 -9 1970 6 -35 1 32.63 
-5 -6 1973 7 -34 0 32.63 
-9 -7 1967 4 -35 1 32.63 
-20 -15 1968 4 -35 0 32.63 
-8 -10 1968 6 -36 -1 32.61 
-5 -9 1967 7 -36 1 32.63 
-16 -3 1984 6 -35 -1 32.63 
1 -2 1966 6 -36 0 32.63 
-28 -7 1966 6 -36 0 32.64 
-7 -5 1969 5 -36 1 32.62 
-31 -12 1957 7 -34 1 32.63 
-5 -2 1968 8 -34 0 32.64 
-7 0 1979 7 -34 -3 32.64 
-17 -12 1966 7 -35 0 32.63 
-34 -13 1967 6 -35 1 32.62 
-9 -7 1968 5 -35 0 32.61 
-26 -11 1978 5 -35 0 32.62 
-30 -17 1969 5 -36 -1 32.62 
-14 -7 1980 6 -35 0 32.62 
-14 25 2015 1 -35 0 32.62 
21 399 1889 -55 -111 82 32.63 
-99 544 1855 50 26 472 32.62 
-80 288 1868 -16 -50 708 32.62 
16 -263 2031 -16 -79 678 32.63 
249 -537 1999 -62 -104 335 32.63 
115 -257 1938 -75 -118 80 32.62 
-12 -104 1936 -49 -93 36 32.64 
-43 -108 1970 -33 -71 28 32.63 
-27 -20 1970 -23 -63 21 32.6 
-23 -17 1985 -19 -57 27 32.61 
-23 -34 1996 -35 -73 15 32.62 
-12 -19 1975 -44 -84 2 32.62 
-16 -28 1982 -48 -87 -3 32.59 
9 -86 1999 -68 -108 -51 32.62 
36 -46 1986 -87 -127 -74 32.61 
54 -158 1822 -46 -85 -62 32.62 
-21 -51 2013 -67 -92 -73 32.63 
-20 -74 2022 -104 -123 -130 32.62 
-34 110 1963 -30 -100 -64 32.62 
-7 -64 2012 -71 -70 -52 32.62 
-56 30 2021 -10 -142 5 32.64 
-38 28 2010 94 -212 22 32.63 
1 -27 2021 83 -229 8 32.63 
-16 -105 2106 26 -313 32 32.64 
-24 -82 2024 5 -396 102 32.63 
21 -46 2020 53 -438 131 32.62 
93 18 1957 2 -446 196 32.61 
98 43 1935 -20 -416 228 32.62 
88 54 1974 -38 -411 241 32.64 
81 37 2058 -50 -441 264 32.64 
86 8 2128 -68 -546 319 32.64 
43 -210 2002 -54 -651 250 32.62 
-8 -411 1997 -27 -672 109 32.63 
17 -152 2017 -38 -704 12 32.62 
124 107 1878 -82 -699 72 32.64 
130 51 1840 -68 -591 120 32.62 
202 51 1846 -102 -518 99 32.64 
153 7 1938 -116 -450 86 32.63 
111 -3 1999 -134 -458 68 32.64 
194 8 2005 -187 -482 96 32.63 
179 -95 2004 -198 -516 120 32.62 
201 -122 1952 -116 -461 96 32.63 
127 -240 2024 -80 -508 186 32.65 
125 -147 1975 -81 -563 152 32.62 
150 -142 2045 -133 -584 66 32.64 
116 -143 2218 -168 -722 -134 32.64 
-12 -102 2382 -144 -984 -237 32.62 
36 -21 2310 -74 -1345 -244 32.64 
167 6 2089 -2 -1445 -237 32.65 
241 40 1989 145 -1220 -239 32.64 
355 104 2010 292 -939 -229 32.64 
536 223 2078 438 -636 -142 32.65 
597 201 2080 564 -356 11 32.66 
621 127 1981 653 -111 167 32.64 
568 55 1877 697 161 252 32.64 
408 -52 1908 606 281 260 32.64 
252 -121 1973 472 236 210 32.64 
193 -93 2013 335 135 170 32.64 
165 -120 2031 281 75 192 32.63 
152 -204 2119 320 -18 181 32.65 
195 -145 2092 369 -56 112 32.66 
220 -96 2026 316 45 10 32.67 
227 -37 1987 228 176 -126 32.61 
268 65 1969 163 234 -229 32.63 
311 220 1988 158 219 -268 32.64 
367 483 2186 175 5 -93 32.63 
194 438 2267 106 -735 108 32.62 
342 232 2072 40 -1474 261 32.65 
343 89 2027 166 -1784 384 32.62 
337 13 1956 256 -1972 393 32.64 
365 -115 1945 212 -2110 334 32.63 
405 -37 1973 64 -2061 252 32.63 
398 27 2005 -86 -2110 221 32.63 
389 23 1980 -293 -2232 181 32.65 
433 -13 1830 -452 -2252 163 32.62 
461 -11 1976 -493 -2373 109 32.63 
582 -22 2015 -592 -2626 85 32.63 
686 -299 1979 -700 -2786 -126 32.64 
643 -213 1976 -685 -2958 -405 32.63 
708 -7 1764 -629 -2963 -474 32.63 
755 19 1614 -417 -2979 -501 32.64 
924 61 1522 -99 -2717 -450 32.65 
1022 139 1584 86 -2417 -350 32.62 
939 65 1783 43 -2252 -224 32.64 
883 -19 1745 0 -2245 -217 32.63 
815 54 1613 102 -2100 -127 32.62 
857 2 1706 135 -1996 -47 32.66 
972 20 1612 52 -1938 -40 32.63 
1039 -182 1593 -23 -1727 -94 32.63 
1095 -298 1585 -116 -1557 -308 32.63 
1171 -168 1486 -170 -1316 -549 32.64 
1136 -81 1472 -131 -1062 -674 32.62 
1154 93 1603 2 -747 -698 32.63 
1118 142 1588 50 -718 -639 32.64 
1153 170 1573 133 -699 -563 32.63 
1198 139 1487 204 -576 -469 32.65 
1231 138 1516 287 -342 -386 32.64 
1180 99 1714 356 -250 -303 32.64 
1114 98 1817 332 -328 -236 32.63 
1069 73 1827 238 -453 -147 32.63 
1058 83 1745 159 -650 -78 32.62 
1120 73 1535 98 -760 -28 32.62 
1152 -54 1497 95 -751 -67 32.62 
1186 33 1538 103 -787 -91 32.62 
1168 69 1529 96 -834 -53 32.64 
1195 86 1433 86 -783 -18 32.62 
1220 64 1535 39 -676 -6 32.63 
1176 80 1554 46 -660 -10 32.64 
1167 96 1461 135 -646 -4 32.63 
1142 36 1509 160 -628 -18 32.62 
1129 -37 1717 106 -756 -88 32.63 
1147 33 1749 32 -1013 -148 32.64 
1220 118 1646 -4 -1197 -161 32.63 
1318 200 1502 -36 -1290 -98 32.65 
1367 189 1417 22 -1321 -38 32.63 
1344 85 1353 137 -1261 -53 32.63 
1323 34 1469 192 -1182 -81 32.63 
1281 69 1534 108 -1227 -101 32.63 
1333 92 1442 -154 -1434 -30 32.66 
1443 177 1417 -192 -1470 41 32.64 
1532 172 1369 -58 -1467 124 32.63 
1537 114 1369 228 -1354 29 32.62 
1524 54 1380 254 -1245 35 32.65 
1482 -30 1451 117 -1247 77 32.62 
1496 81 1203 74 -1180 107 32.65 
1560 67 1092 117 -878 78 32.64 
1572 83 1131 186 -609 9 32.63 
1537 49 1233 242 -465 -9 32.64 
1461 7 1362 266 -511 13 32.64 
1408 51 1339 248 -629 54 32.63 
1403 46 1335 209 -742 101 32.64 
1424 57 1280 191 -927 101 32.65 
1494 144 1172 179 -1036 99 32.63 
1510 186 1121 189 -1066 88 32.64 
1582 148 1090 163 -1033 39 32.65 
1593 116 1162 112 -993 10 32.64 
1521 94 1216 35 -1048 34 32.64 
1557 90 1232 -43 -1114 11 32.64 
1618 157 1254 -101 -1247 0 32.62 
1672 139 1071 19 -1380 -30 32.64 
1754 28 1001 221 -1273 -112 32.64 
1673 -54 1100 305 -1193 -141 32.63 
1584 60 1097 276 -1277 -69 32.63 
1601 81 1018 306 -1265 -28 32.64 
1664 199 996 331 -1247 33 32.63 
1741 96 1023 257 -958 150 32.64 
1762 168 996 280 -939 105 32.62 
1797 241 947 307 -858 78 32.62 
1721 117 986 327 -656 191 32.64 
1654 71 1018 157 -1332 290 32.63 
1716 -27 938 130 -1549 242 32.64 
1746 -71 873 139 -1687 160 32.65 
1752 7 833 163 -1739 74 32.67 
1686 100 828 127 -1918 26 32.63 
1863 118 712 172 -2139 -104 32.63 
1859 165 742 94 -2279 -129 32.65 
1844 249 635 19 -2465 -111 32.65 
1770 178 750 -261 -2707 16 32.62 
2067 266 322 51 -2947 2 32.64 
1988 85 306 195 -2612 -26 32.65 
2057 242 427 144 -2537 18 32.66 
2144 239 215 53 -2365 161 32.65 
1994 74 223 150 -2235 212 32.65 
2013 249 259 356 -2013 142 32.66 
2008 151 64 368 -1533 105 32.64 
2044 114 196 416 -897 40 32.64 
2093 62 318 404 -515 16 32.62 
2106 175 428 267 -569 66 32.65 
2172 20 380 232 -757 72 32.64 
2109 -28 446 130 -1065 62 32.63 
1933 123 432 46 -1474 71 32.65 
1803 124 417 0 -1955 29 32.64 
1873 205 69 -7 -2349 36 32.65 
1798 116 -84 12 -2337 53 32.64 
1809 260 300 169 -2617 58 32.65 
1891 152 148 55 -3002 139 32.64 
1923 85 -138 120 -3094 131 32.65 
2005 269 4 353 -3069 -11 32.64 
2107 228 -225 190 -3261 108 32.65 
2097 69 -287 138 -3055 94 32.63 
2134 94 -333 110 -2789 42 32.64 
2136 111 -287 27 -2564 80 32.62 
2028 21 -263 53 -2656 94 32.63 
2035 -48 -496 102 -2849 22 32.65 
2144 172 -330 72 -3005 40 32.66 
2082 150 -601 -14 -2996 156 32.66 
2020 263 -561 58 -2834 163 32.63 
1916 246 -486 -3 -2831 254 32.65 
1835 79 -749 84 -2666 170 32.66 
1869 109 -576 164 -2570 113 32.64 
1859 92 -629 175 -2748 159 32.66 
1840 157 -715 192 -2893 187 32.65 
1690 40 -942 218 -3297 367 32.65 
1787 -2 -748 204 -3616 411 32.66 
1865 -2 -940 281 -3776 283 32.66 
1950 58 -982 122 -3772 261 32.64 
1910 33 -1150 104 -3679 167 32.65 
1875 147 -1170 6 -3633 57 32.67 
1751 81 -1170 -100 -3679 59 32.67 
1724 92 -1318 -141 -3633 18 32.65 
1772 109 -1197 -225 -3554 123 32.64 
1674 72 -1530 -49 -3355 186 32.66 
1696 136 -1381 107 -2930 140 32.65 
1628 87 -1414 146 -2776 130 32.65 
1495 -16 -1286 246 -2751 103 32.65 
1418 -52 -1388 283 -2938 49 32.66 
1344 30 -1408 231 -3045 -35 32.66 
1470 95 -1519 90 -3088 -13 32.64 
1550 40 -1613 119 -2863 -91 32.64 
1592 144 -1629 166 -2636 -162 32.66 
1466 97 -1708 213 -2310 -148 32.64 
1412 122 -1659 213 -2154 -153 32.65 
1331 48 -1739 155 -2175 -107 32.66 
1197 21 -1690 129 -2322 -117 32.64 
1129 51 -1659 112 -2555 -115 32.64 
1127 58 -1722 156 -2797 10 32.64 
1100 82 -1754 182 -2900 83 32.64 
1109 6 -1702 223 -2980 170 32.64 
1083 -8 -1973 325 -2932 124 32.65 
1126 129 -1856 456 -2729 90 32.67 
1114 28 -2058 452 -2393 96 32.64 
1073 47 -1901 345 -2030 -33 32.64 
1026 18 -1877 299 -1858 -96 32.63 
981 42 -1917 312 -1727 -130 32.64 
977 82 -1932 342 -1576 -151 32.65 
944 81 -1925 343 -1441 -172 32.64 
960 62 -1938 324 -1380 -160 32.66 
867 26 -1946 332 -1338 -135 32.66 
756 -42 -1958 370 -1391 -122 32.65 
710 3 -1990 333 -1559 -36 32.64 
698 28 -1984 286 -1795 113 32.65 
667 -29 -1997 351 -1984 206 32.64 
699 -42 -1999 406 -2066 232 32.67 
626 -161 -2015 338 -2138 264 32.67 
594 -210 -1972 310 -2360 199 32.66 
583 -153 -2012 268 -2629 162 32.65 
231 -153 1976 -47 -155 54 32.73 
266 -127 1981 -37 -164 69 32.7 
227 -146 1977 12 -178 83 32.72 
230 -174 1975 33 -180 77 32.69 
219 -214 1924 19 -131 77 32.72 
232 -175 1942 47 -117 60 32.69 
227 -148 1947 16 -126 55 32.7 
232 -164 1930 4 -105 66 32.72 
231 -167 1929 -15 -75 74 32.71 
220 -165 1937 -25 -60 81 32.72 
232 -159 1938 -28 -61 83 32.69 
241 -169 1926 -22 -58 77 32.71 
241 -171 1946 -16 -17 83 32.72 
254 -155 1944 -9 -35 72 32.72 
247 -110 1926 1 -46 92 32.71 
211 -206 1954 -2 -40 105 32.7 
237 -146 1946 17 -86 108 32.69 
264 -167 1920 48 -75 125 32.71 
252 -208 1951 68 -73 113 32.7 
254 -225 1953 76 -78 88 32.73 
269 -211 1967 65 -57 77 32.72 
291 -185 2002 42 -41 74 32.72 
265 -179 2009 15 -61 79 32.72 
255 -201 1983 -9 -60 84 32.7 
239 -217 1943 -19 -33 95 32.71 
225 -229 1927 11 -20 97 32.71 
230 -213 1934 44 -25 90 32.72 
266 -191 1967 47 -26 84 32.7 
262 -181 1971 31 -20 85 32.7 
274 -176 1967 16 1 84 32.7 
277 -153 1970 4 13 74 32.68 
254 -159 1961 -4 10 66 32.69 
245 -185 1952 -5 13 57 32.69 
229 -183 1967 17 1 38 32.71 
228 -174 1963 41 -22 27 32.72 
251 -165 1979 47 -30 28 32.73 
264 -156 1987 25 -36 34 32.71 
250 -166 1986 -7 -33 39 32.71 
258 -155 1971 -31 -27 38 32.71 
266 -153 1978 -64 -5 44 32.71 
247 -166 1945 -97 33 62 32.7 
218 -180 1921 -106 62 86 32.71 
205 -183 1904 -103 78 107 32.71 
199 -198 1918 -97 84 129 32.7 
231 -206 1940 -79 78 124 32.72 
258 -196 1953 -46 42 99 32.72 
250 -201 1973 -17 16 70 32.7 
265 -188 1993 -17 -6 55 32.72 
237 -206 1962 -37 -11 40 32.73 
219 -188 1921 -33 -15 26 32.72 
203 -185 1900 -18 -10 22 32.74 
211 -171 1919 12 -19 31 32.73 
243 -177 1912 40 -24 49 32.72 
272 -198 1892 91 -27 58 32.73 
230 -213 1897 164 -19 56 32.71 
264 -183 1908 252 -24 50 32.71 
251 -169 1918 319 -44 45 32.71 
249 -142 1930 369 -61 47 32.72 
248 -119 1971 371 -68 79 32.69 
261 -101 1974 341 -65 132 32.72 
252 -91 1927 311 -43 223 32.73 
263 -113 1930 346 -52 311 32.72 
269 -138 1952 381 -76 353 32.7 
254 -226 2006 373 -112 368 32.72 
243 -278 2021 299 -136 330 32.72 
218 -298 2006 211 -128 256 32.72 
186 -269 1956 141 -124 127 32.7 
217 -133 1869 154 -145 39 32.69 
224 -19 1867 194 -157 30 32.71 
260 71 1889 218 -179 79 32.72 
272 43 1898 213 -161 170 32.69 
286 -37 1901 206 -110 267 32.72 
266 -104 1961 252 -94 346 32.71 
311 -142 1855 291 -136 348 32.7 
273 -123 1923 391 -190 376 32.71 
274 -129 1997 365 -237 400 32.69 
244 -132 2048 252 -238 411 32.72 
32 -233 2468 4 -329 348 32.72 
256 -101 2323 -541 -507 154 32.71 
281 -128 2135 -913 -365 111 32.7 
280 -124 2104 -997 -407 112 32.71 
298 -98 2125 -1017 -545 106 32.72 
322 -138 2014 -1065 -574 115 32.7 
330 -220 1961 -1042 -514 121 32.71 
350 -272 1953 -918 -519 75 32.71 
373 -286 1940 -652 -658 -33 32.73 
380 -292 1937 -367 -782 -176 32.74 
417 -227 1949 -162 -838 -268 32.72 
425 -179 1992 -117 -790 -280 32.7 
433 -136 2036 -138 -733 -223 32.72 
404 -84 2102 -191 -737 -125 32.75 
400 -50 2096 -255 -859 3 32.72 
466 -45 2104 -370 -949 173 32.72 
490 -91 2060 -525 -917 367 32.72 
476 -114 2059 -657 -839 512 32.72 
465 -165 2031 -734 -861 648 32.71 
472 -270 1915 -612 -978 709 32.69 
433 -371 1917 -445 -1040 632 32.69 
523 -379 1906 -33 -1351 389 32.72 
612 -369 1876 68 -1308 316 32.71 
625 -351 1860 125 -1134 299 32.73 
557 -327 1900 220 -1053 316 32.72 
566 -231 1919 353 -1121 383 32.69 
580 -215 1896 462 -1258 507 32.71 
615 -210 1803 540 -1324 628 32.72 
603 -224 1758 626 -1321 764 32.71 
578 -293 1798 710 -1354 854 32.7 
604 -317 1848 769 -1436 863 32.71 
662 -351 1869 808 -1551 816 32.72 
758 -331 1843 837 -1630 763 32.72 
820 -290 1846 816 -1584 734 32.72 
808 -311 1873 768 -1530 721 32.71 
728 -323 1907 755 -1637 691 32.69 
778 -331 1814 756 -1786 655 32.71 
840 -267 1777 724 -1819 637 32.73 
888 -114 1814 662 -1817 723 32.69 
912 -20 1826 615 -1918 918 32.69 
898 -73 1807 571 -2075 1147 32.72 
909 -157 1705 529 -2176 1340 32.72 
901 -262 1607 484 -2123 1424 32.71 
876 -283 1651 406 -2009 1462 32.7 
930 -213 1685 253 -1999 1481 32.69 
950 -351 1635 82 -1977 1475 32.71 
1026 -356 1625 -75 -1947 1436 32.71 
1042 -389 1676 -199 -1862 1363 32.69 
1110 -469 1637 -282 -1803 1244 32.72 
1127 -541 1634 -278 -1844 1065 32.72 
1178 -465 1612 -230 -1912 927 32.69 
1167 -371 1592 -182 -1965 836 32.69 
1155 -342 1546 -207 -1997 784 32.72 
1246 -447 1354 -60 -2127 822 32.71 
1250 -406 1375 -34 -1919 819 32.7 
1253 -341 1535 -164 -1581 815 32.69 
1234 -442 1583 -282 -1550 766 32.7 
1198 -488 1513 -332 -1605 622 32.69 
1216 -504 1390 -334 -1590 473 32.74 
1199 -492 1340 -362 -1515 348 32.72 
1179 -526 1339 -332 -1576 212 32.73 
1246 -512 1399 -297 -1707 47 32.73 
1393 -462 1443 -353 -1779 -62 32.74 
1482 -507 1409 -405 -1850 -114 32.72 
1468 -574 1222 -271 -2170 -192 32.71 
1439 -563 1229 -156 -2265 -267 32.72 
1489 -520 1251 -160 -2307 -367 32.72 
1602 -438 1184 -200 -2238 -362 32.73 
1671 -397 1118 -326 -1972 -237 32.73 
1793 -487 1087 -325 -1735 -51 32.69 
1688 -426 1122 -311 -1887 120 32.72 
1596 -479 1026 -360 -1818 212 32.72 
1543 -446 1017 -314 -1865 263 32.72 
1588 -465 992 -237 -2029 252 32.71 
1611 -473 1020 -217 -2100 221 32.71 
1715 -550 1018 -282 -2110 163 32.71 
1723 -632 948 -295 -2134 64 32.72 
1793 -590 885 -252 -2108 -55 32.73 
1828 -549 902 -248 -2029 -179 32.72 
1878 -473 851 -232 -2002 -277 32.7 
1853 -444 789 -202 -2010 -316 32.73 
1805 -436 759 -189 -2038 -338 32.71 
1748 -465 661 -186 -2053 -343 32.72 
1648 -540 578 -98 -2073 -323 32.72 
1686 -488 574 -18 -2091 -303 32.71 
1810 -415 565 -80 -1959 -211 32.69 
1840 -431 542 -155 -1875 -82 32.73 
1925 -483 513 -231 -1887 17 32.71 
1915 -497 495 -276 -1868 88 32.71 
1928 -469 485 -298 -1852 118 32.7 
1931 -490 423 -274 -1840 83 32.73 
2002 -542 387 -227 -1794 38 32.71 
2036 -505 433 -132 -1808 -34 32.73 
2084 -447 423 -103 -1829 -76 32.71 
2088 -368 351 -103 -1741 -4 32.7 
2033 -439 270 -106 -1620 123 32.72 
2017 -495 204 -28 -1527 172 32.71 
2056 -374 230 -10 -1471 217 32.7 
1926 -371 269 -53 -1385 292 32.71 
1821 -383 258 -133 -1363 279 32.71 
1807 -344 246 -232 -1317 248 32.72 
1854 -345 223 -386 -1282 268 32.72 
1828 -456 163 -502 -1259 298 32.71 
1847 -467 144 -518 -1323 289 32.71 
1908 -426 155 -542 -1459 294 32.75 
1988 -453 100 -559 -1418 322 32.72 
2087 -366 121 -587 -1330 320 32.73 
2106 -410 32 -521 -1248 315 32.71 
2042 -373 78 -408 -1180 280 32.72 
2026 -461 -103 -272 -1218 172 32.71 
1970 -594 -153 -117 -1163 29 32.69 
1987 -554 -73 61 -1231 -130 32.72 
2120 -488 -88 109 -1208 -214 32.69 
2150 -471 -99 49 -1096 -154 32.71 
2028 -540 -139 9 -994 -15 32.7 
1883 -658 -116 72 -1053 -84 32.72 
2018 -545 -176 120 -1108 -186 32.7 
2030 -535 -191 34 -1008 -130 32.75 
1919 -558 -170 -45 -933 -75 32.72 
1947 -514 -216 -90 -970 -79 32.69 
2014 -472 -256 -98 -944 -58 32.7 
2014 -511 -253 -100 -885 1 32.7 
2014 -595 -300 -35 -847 37 32.69 
2026 -589 -300 68 -757 68 32.71 
2048 -542 -256 90 -677 128 32.71 
2060 -545 -270 70 -606 195 32.72 
2068 -557 -314 116 -604 257 32.71 
2081 -586 -287 140 -608 298 32.71 
2064 -586 -269 128 -608 331 32.72 
1975 -596 -265 104 -645 359 32.71 
2027 -535 -316 66 -642 401 32.74 
2010 -589 -350 14 -581 478 32.72 
1884 -655 -352 8 -610 467 32.71 
1865 -612 -369 48 -704 379 32.7 
1879 -558 -357 77 -776 308 32.73 
1890 -600 -373 70 -797 275 32.71 
1874 -685 -481 119 -827 238 32.71 
1883 -640 -467 265 -936 187 32.72 
1856 -578 -378 305 -1076 152 32.71 
1881 -636 -444 301 -1172 140 32.71 
1884 -632 -433 306 -1238 105 32.73 
1912 -604 -395 290 -1367 51 32.74 
1980 -548 -429 289 -1509 62 32.71 
1994 -548 -483 298 -1572 114 32.72 
1859 -643 -557 264 -1565 136 32.73 
1792 -591 -573 322 -1659 42 32.73 
2016 -586 -609 340 -1879 -83 32.73 
2065 -601 -649 322 -1812 -80 32.72 
2026 -597 -617 294 -1734 -61 32.72 
1852 -619 -548 256 -1774 -87 32.74 
1825 -578 -689 202 -1895 -109 32.73 
1820 -616 -829 111 -1790 -38 32.72 
1781 -577 -804 90 -1678 10 32.73 
1774 -551 -796 -19 -1725 -53 32.72 
1779 -510 -830 -83 -1689 -55 32.73 
1739 -548 -884 -147 -1620 -54 32.73 
1699 -607 -880 -179 -1572 -80 32.74 
1767 -596 -977 -165 -1586 -133 32.73 
1798 -592 -980 -152 -1556 -180 32.74 
1840 -590 -985 -171 -1605 -257 32.75 
1857 -574 -1005 -215 -1662 -340 32.73 
1824 -560 -1055 -176 -1727 -413 32.72 
1789 -548 -1080 -126 -1773 -403 32.72 
1796 -515 -1143 -160 -1587 -276 32.73 
1656 -527 -1092 -264 -1306 -136 32.72 
1672 -554 -1138 -313 -1194 -85 32.71 
1660 -592 -1226 -247 -1099 -121 32.72 
1693 -562 -1204 -150 -1060 -172 32.74 
1711 -582 -1237 -119 -956 -186 32.74 
1682 -558 -1206 -111 -854 -147 32.75 
1664 -551 -1167 -110 -833 -76 32.73 
1657 -559 -1223 -119 -852 -17 32.73 
1645 -549 -1183 -163 -846 42 32.72 
1652 -596 -1210 -167 -912 31 32.72 
1688 -600 -1244 -132 -1061 -14 32.72 
1650 -574 -1207 -90 -1166 -76 32.73 
1604 -562 -1228 -90 -1221 -134 32.72 
1594 -535 -1254 -136 -1269 -146 32.74 
1542 -518 -1266 -187 -1252 -127 32.74 
1478 -550 -1300 -210 -1238 -84 32.72 
1440 -517 -1334 -150 -1266 -61 32.74 
1462 -496 -1355 -81 -1346 -44 32.74 
1459 -546 -1364 13 -1431 1 32.74 
1529 -540 -1385 90 -1503 29 32.75 
1576 -538 -1527 105 -1443 91 32.74 
1597 -517 -1542 89 -1233 188 32.72 
1570 -560 -1446 13 -1000 273 32.72 
1502 -549 -1384 -86 -885 316 32.73 
1459 -526 -1394 -148 -910 334 32.72 
1483 -490 -1403 -185 -928 354 32.72 
1522 -468 -1451 -248 -936 332 32.75 
1461 -477 -1469 -336 -909 317 32.74 
1425 -476 -1478 -376 -913 380 32.72 
1434 -481 -1492 -409 -895 498 32.74 
1447 -455 -1481 -407 -894 648 32.72 
1414 -447 -1482 -411 -935 805 32.74 
1390 -446 -1473 -457 -990 942 32.72 
1327 -568 -1601 -468 -1002 992 32.73 
1283 -571 -1693 -307 -1011 884 32.73 
1304 -499 -1625 -194 -1094 734 32.73 
1278 -498 -1644 -190 -1123 671 32.74 
1274 -539 -1604 -212 -1121 666 32.74 
1256 -569 -1598 -244 -1123 667 32.73 
1226 -607 -1596 -248 -1202 630 32.74 
1231 -643 -1722 -234 -1271 562 32.75 
1283 -613 -1815 -204 -1211 465 32.74 
1298 -595 -1845 -184 -1127 445 32.72 
1291 -618 -1877 -175 -995 433 32.74 
1258 -600 -1803 -173 -771 496 32.72 
1206 -678 -1688 -200 -653 589 32.73 
1136 -619 -1720 -230 -641 658 32.73 
1144 -585 -1776 -203 -651 675 32.73 
1146 -580 -1781 -178 -670 625 32.73 
1121 -615 -1753 -215 -705 559 32.72 
1146 -606 -1678 -253 -779 520 32.73 
1140 -606 -1722 -282 -899 559 32.72 
1098 -646 -1802 -208 -988 634 32.74 
1065 -673 -1838 -195 -996 654 32.74 
1080 -675 -1828 -199 -977 612 32.74 
1083 -674 -1782 -238 -988 559 32.74 
1005 -736 -1813 -283 -1008 469 32.74 
985 -690 -1811 -295 -1056 282 32.72 
1006 -590 -1843 -313 -1033 157 32.72 
920 -653 -1825 -393 -1067 122 32.74 
929 -713 -1854 -422 -1079 239 32.71 
849 -740 -1776 -191 -1364 69 32.74 
939 -554 -2023 -178 -1276 -48 32.71 
874 -640 -2012 -240 -1020 8 32.73 
889 -667 -1975 -195 -957 -23 32.72 
927 -620 -1948 -160 -959 -74 32.72 
907 -574 -1901 -166 -1003 -88 32.74 
850 -600 -1951 -167 -1070 -98 32.75 
805 -604 -1949 -128 -1089 -102 32.73 
793 -546 -1935 -74 -1129 -24 32.72 
771 -586 -1985 -21 -1118 58 32.72 
749 -573 -2009 53 -1094 82 32.74 
828 -531 -2076 218 -1080 136 32.76 
780 -528 -2040 299 -1022 209 32.74 
693 -596 -1925 303 -991 307 32.74 
685 -638 -1852 272 -1034 409 32.74 
697 -612 -1893 226 -1094 525 32.71 
711 -640 -1937 181 -1085 592 32.73 
709 -601 -1919 92 -1046 596 32.74 
699 -557 -1896 31 -1055 608 32.72 
643 -508 -1866 -73 -1095 670 32.73 
602 -569 -1728 -195 -1167 817 32.7 
600 -532 -1832 -285 -1357 988 32.75 
464 -711 -2017 -210 -1452 1106 32.72 
314 -747 -2137 13 -1562 952 32.73 
448 -659 -2140 209 -1644 747 32.74 
488 -606 -2146 241 -1541 702 32.73 
498 -607 -2084 195 -1397 656 32.72 
457 -602 -2173 246 -1273 673 32.71 
383 -586 -2211 411 -1161 757 32.72 
333 -674 -2035 440 -1054 834 32.71 
303 -737 -1977 379 -1116 850 32.72 
350 -752 -2071 319 -1178 853 32.73 
414 -756 -2135 251 -1175 881 32.74 
352 -811 -1977 143 -1223 820 32.77 
272 -786 -1972 5 -1329 686 32.76 
243 -777 -1974 -140 -1397 555 32.73 
185 -772 -2000 -199 -1469 529 32.75 
158 -737 -2015 -217 -1537 553 32.73 
148 -734 -2068 -177 -1533 592 32.72 
123 -630 -2095 -157 -1468 607 32.73 
126 -628 -2082 -224 -1338 616 32.71 
106 -706 -2027 -324 -1270 606 32.72 
36 -673 -2059 -356 -1295 558 32.75 
22 -696 -2053 -353 -1316 462 32.74 
-12 -685 -2118 -288 -1348 391 32.73 
-26 -661 -2110 -164 -1354 252 32.78 
-54 -667 -2094 -202 -1293 234 32.74 
-81 -658 -2099 -218 -1218 208 32.76 
-163 -700 -2114 -143 -1221 165 32.74 
-191 -666 -2085 -38 -1259 113 32.74 
-185 -621 -2071 28 -1264 161 32.73 
-193 -642 -2055 61 -1258 260 32.73 
-205 -638 -2090 110 -1265 331 32.74 
-247 -687 -2097 166 -1283 341 32.76 
-141 -606 -2156 174 -1253 260 32.72 
-114 -584 -2156 40 -1055 231 32.73 
-255 -666 -2030 -86 -951 233 32.75 
-277 -662 -2039 -117 -1008 184 32.75 
-256 -632 -2056 -178 -1022 194 32.75 
-261 -607 -2073 -263 -985 245 32.73 
-297 -629 -2098 -298 -938 203 32.75 
-337 -655 -2122 -246 -951 70 32.73 
-360 -653 -2081 -145 -972 -52 32.72 
-383 -605 -2079 -88 -1002 -114 32.72 
-391 -578 -2003 -69 -1033 -101 32.74 
-404 -557 -1993 -93 -1025 -2 32.74 
-447 -587 -2028 -93 -981 101 32.75 
-494 -618 -2036 -49 -971 178 32.75 
-454 -662 -2125 21 -942 235 32.76 
-451 -613 -2113 65 -891 252 32.75 
-496 -623 -2050 101 -887 269 32.75 
-514 -594 -1998 118 -929 332 32.75 
-461 -586 -1942 109 -1059 495 32.76 
-474 -614 -2022 55 -1067 677 32.79 
-553 -664 -2044 -70 -1025 718 32.76 
-573 -707 -2086 -197 -985 653 32.75 
-628 -693 -2079 -274 -946 542 32.76 
-672 -675 -2023 -250 -996 480 32.76 
-625 -604 -1989 -218 -1104 440 32.74 
-661 -597 -2064 -181 -1063 517 32.74 
-722 -613 -2051 -102 -928 573 32.74 
-748 -694 -2022 15 -848 579 32.74 
-709 -721 -2020 139 -907 544 32.73 
-673 -661 -2076 213 -1005 486 32.74 
-669 -616 -2073 155 -977 436 32.74 
-710 -580 -2024 131 -921 403 32.74 
-640 -510 -2031 142 -835 440 32.76 
-704 -534 -1983 135 -713 533 32.77 
-808 -589 -1873 101 -697 482 32.75 
-787 -532 -1900 63 -783 358 32.74 
-734 -498 -1971 51 -744 342 32.75 
-745 -486 -1946 62 -628 365 32.76 
-795 -501 -1878 108 -585 419 32.76 
-834 -520 -1848 95 -611 441 32.75 
-894 -593 -1885 83 -653 430 32.74 
-912 -626 -1889 96 -679 374 32.77 
-849 -582 -1901 141 -693 379 32.76 
-896 -610 -1870 180 -673 457 32.75 
-893 -643 -1859 134 -667 429 32.74 
-825 -612 -1923 165 -686 405 32.74 
-837 -558 -1924 104 -694 366 32.77 
-861 -550 -1909 9 -661 348 32.76 
-1055 -601 -1790 -108 -616 246 32.73 
-998 -576 -1809 -162 -664 163 32.77 
-941 -515 -1856 -132 -688 252 32.74 
-946 -508 -1837 -109 -687 399 32.77 
-1011 -594 -1821 -98 -721 512 32.74 
-1056 -573 -1835 -128 -741 468 32.76 
-1104 -666 -1946 -103 -716 328 32.75 
-1049 -594 -1919 -57 -744 150 32.76 
-987 -620 -1939 -85 -762 52 32.78 
-904 -520 -1949 -75 -760 61 32.75 
-924 -485 -1904 -89 -712 171 32.78 
-1129 -570 -1800 -108 -611 204 32.75 
-1134 -560 -1764 -89 -599 94 32.78 
-1082 -526 -1801 -50 -589 28 32.75 
-1061 -515 -1814 -35 -560 -18 32.75 
-1066 -519 -1828 -42 -544 -2 32.76 
-1114 -553 -1831 -62 -539 22 32.76 
-1145 -561 -1849 -45 -523 -45 32.75 
-1207 -578 -1842 38 -505 -158 32.77 
-1158 -543 -1855 86 -478 -234 32.76 
-1097 -581 -1894 119 -468 -180 32.76 
-1078 -622 -1837 66 -495 -191 32.76 
-1081 -629 -1875 -42 -588 -202 32.79 
-1110 -633 -1818 -161 -670 -334 32.76 
-1138 -560 -1740 -254 -756 -492 32.76 
-1079 -484 -1687 -299 -813 -506 32.77 
-1081 -436 -1590 -366 -846 -462 32.75 
-1041 -415 -1627 -348 -928 -285 32.76 
-1066 -386 -1685 -351 -1008 -59 32.75 
-1142 -431 -1770 -338 -961 163 32.74 
-1238 -501 -1726 -309 -939 143 32.77 
-1245 -495 -1726 -284 -876 156 32.77 
-1287 -534 -1783 -245 -924 97 32.79 
-1309 -553 -1837 -155 -862 30 32.77 
-1276 -577 -1799 -130 -849 -148 32.76 
-1233 -505 -1725 -136 -779 -243 32.72 
-1209 -450 -1688 -148 -799 -180 32.76 
-1118 -413 -1709 -109 -699 30 32.78 
-1172 -394 -1708 -114 -578 303 32.77 
-1227 -417 -1721 -16 -460 538 32.77 
-1378 -578 -1567 112 -617 625 32.78 
-1504 -678 -1525 46 -921 353 32.73 
-1335 -532 -1693 -75 -1025 148 32.76 
-1330 -463 -1642 -123 -945 137 32.74 
-1377 -498 -1605 -94 -921 188 32.76 
-1319 -378 -1559 -41 -944 254 32.74 
-1340 -458 -1628 -32 -879 379 32.76 
-1406 -450 -1618 -76 -739 367 32.74 
-1424 -436 -1602 -113 -596 273 32.76 
-1433 -436 -1613 -96 -495 220 32.74 
-1366 -412 -1583 -33 -581 264 32.73 
-1301 -412 -1613 -20 -618 391 32.77 
-1373 -472 -1592 -80 -533 455 32.75 
-1322 -420 -1561 -229 -483 434 32.77 
-1376 -407 -1473 -359 -491 397 32.74 
-1408 -320 -1351 -313 -603 327 32.76 
-1563 -374 -1153 -306 -946 252 32.75 
-1488 -364 -1457 -408 -1198 115 32.76 
-1469 -355 -1617 -364 -1116 88 32.76 
-1559 -399 -1447 -225 -1114 24 32.75 
-1572 -354 -1404 -116 -1296 -58 32.76 
-1528 -332 -1433 -78 -1328 -80 32.76 
-1488 -322 -1470 -112 -1244 -52 32.77 
-1555 -367 -1391 -148 -1124 5 32.74 
-1669 -411 -1272 -129 -1218 -50 32.75 
-1637 -392 -1323 -61 -1469 -159 32.77 
-1590 -369 -1334 59 -1446 -94 32.77 
-1605 -348 -1277 115 -1425 43 32.73 
-1524 -357 -1355 85 -1387 232 32.74 
-1608 -326 -1043 -133 -1388 600 32.75 
-1778 -336 -1169 -203 -1491 612 32.75 
-1874 -288 -1458 -95 -1437 636 32.74 
-1808 -467 -1127 192 -1273 659 32.75 
-1890 -351 -1213 214 -1538 582 32.76 
-1729 -393 -1466 243 -1431 607 32.76 
-1755 -366 -1287 238 -1208 679 32.76 
-1776 -406 -1158 137 -1212 691 32.75 
-1874 -352 -1247 190 -1132 580 32.78 
-1874 -337 -1290 439 -922 451 32.76 
-1835 -336 -1193 615 -792 359 32.73 
-1817 -311 -1111 632 -727 350 32.75 
-1788 -309 -1061 506 -749 361 32.76 
-1832 -331 -1073 364 -807 310 32.76 
-1949 -336 -1116 291 -877 93 32.77 
-1881 -272 -1114 293 -898 -143 32.79 
-1875 -272 -1112 334 -871 -292 32.76 
-1868 -270 -1128 447 -821 -415 32.78 
-1862 -275 -1103 555 -765 -483 32.76 
-1874 -303 -1096 586 -711 -510 32.79 
-1862 -358 -1059 536 -696 -542 32.78 
-1841 -428 -1087 447 -709 -584 32.76 
-1851 -423 -1057 396 -657 -586 32.77 
-1843 -405 -1014 362 -600 -529 32.77 
-1889 -401 -1004 336 -549 -462 32.78 
-1957 -447 -1004 379 -494 -404 32.77 
-1961 -466 -926 392 -556 -396 32.76 
-1886 -461 -978 329 -632 -373 32.76 
-1855 -484 -950 311 -607 -335 32.76 
-1870 -472 -903 316 -585 -322 32.75 
-1858 -457 -901 263 -567 -260 32.76 
-1813 -468 -856 106 -587 -138 32.75 
-1845 -475 -825 -96 -605 -80 32.78 
-1839 -461 -864 -272 -589 -61 32.75 
-1859 -478 -840 -400 -543 -50 32.74 
-1910 -477 -717 -452 -558 -56 32.76 
-1918 -462 -793 -430 -589 -13 32.76 
-1919 -497 -810 -345 -607 78 32.77 
-1912 -447 -808 -269 -645 140 32.77 
-1871 -420 -521 -283 -694 191 32.78 
-1719 -289 -940 -702 -1251 329 32.77 
-1629 78 -869 -539 -923 897 32.74 
-2149 -595 -759 -339 -912 909 32.78 
-2199 -572 -944 -45 -924 472 32.77 
-2061 -451 -891 232 -803 179 32.77 
-1994 -417 -763 384 -767 14 32.77 
-1980 -418 -673 432 -794 -93 32.76 
-1954 -399 -752 419 -773 -173 32.78 
-1910 -310 -767 506 -691 -256 32.78 
-1883 -341 -651 561 -650 -214 32.76 
-1938 -408 -702 456 -655 -285 32.75 
-1913 -410 -682 320 -598 -346 32.76 
-1862 -375 -639 208 -574 -337 32.75 
-1869 -423 -591 170 -507 -240 32.75 
-2031 -499 -598 187 -450 -216 32.76 
-2149 -514 -589 380 -442 -381 32.76 
-2010 -491 -481 505 -528 -583 32.78 
-1865 -367 -515 500 -571 -530 32.78 
-1916 -449 -502 420 -624 -401 32.75 
-1897 -469 -531 314 -716 -343 32.77 
-1863 -406 -592 216 -734 -319 32.77 
-1861 -435 -612 232 -641 -302 32.77 
-1864 -457 -521 218 -563 -358 32.76 
-1874 -462 -525 146 -544 -327 32.77 
-1881 -500 -494 120 -520 -267 32.8 
-1844 -495 -487 74 -505 -205 32.78 
-1823 -520 -514 -12 -473 -79 32.79 
-1854 -472 -565 -78 -434 17 32.76 
-1868 -345 -649 0 -282 36 32.77 
-1881 -337 -569 223 -131 -29 32.78 
-1933 -545 -484 322 -27 -160 32.8 
-1852 -368 -442 259 -3 -159 32.75 
-1989 -487 -422 330 39 -57 32.77 
-1910 -387 -424 444 61 -76 32.76 
-1849 -403 -361 495 83 26 32.77 
-1855 -433 -325 496 81 199 32.77 
-1949 -504 -381 429 45 299 32.78 
-1966 -522 -395 265 -8 375 32.78 
-1964 -569 -499 -29 -49 404 32.79 
-1821 -434 -466 -277 8 555 32.75 
-1944 -542 -454 -507 132 722 32.74 
-2000 -545 -449 -716 164 783 32.75 
-2026 -580 -525 -982 155 753 32.78 
-2027 -537 -551 -1241 101 718 32.78 
-2036 -477 -607 -1383 90 690 32.76 
-2084 -490 -658 -1348 111 648 32.77 
-2111 -596 -851 -1095 208 517 32.8 
-2062 -423 -611 -670 405 344 32.78 
-2142 -443 -686 -521 361 319 32.76 
-2155 -465 -852 163 616 -70 32.77 
-2093 -278 -754 -689 -84 129 32.78 
-2133 -242 -505 -697 -73 113 32.79 
-2062 -423 -735 -524 -111 67 32.77 
-2121 -317 -567 -82 74 -90 32.77 
-2003 -514 -472 -249 -149 -32 32.74 
-2131 -404 -451 -459 -324 88 32.79 
-2077 -314 -507 -597 -421 33 32.79 
-2091 -145 -378 -902 -617 -43 32.76 
-1977 -200 -493 -1123 -769 50 32.77 
-2005 -357 -515 -1234 -847 249 32.79 
-2096 -425 -560 -1180 -918 324 32.78 
-2165 -475 -645 -879 -948 334 32.79 
-2192 -466 -621 -567 -979 307 32.77 
-2168 -410 -553 -412 -1070 242 32.79 
-2135 -365 -535 -300 -1151 166 32.79 
-2061 -363 -507 -115 -1123 139 32.78 
-1979 -264 -467 -11 -1041 116 32.77 
-1919 -253 -425 -55 -941 177 32.78 
-1955 -287 -366 -107 -850 278 32.81 
-1980 -266 -261 -187 -868 364 32.77 
-1985 -265 -266 -262 -940 427 32.79 
-1967 -129 -313 -351 -989 481 32.77 
-1980 -44 -371 -519 -1016 537 32.78 
-1883 -244 -387 -655 -972 527 32.76 
-1924 -138 -364 -627 -829 492 32.79 
-1938 -173 -347 -509 -710 589 32.77 
-1987 -238 -371 -481 -606 602 32.78 
-1979 -255 -467 -514 -494 432 32.78 
-2079 -197 -206 -485 -434 354 32.8 
-2038 -232 -113 -443 -563 391 32.79 
-2034 -276 -163 -385 -724 393 32.79 
-2051 -297 -224 -252 -735 296 32.77 
-2076 -267 -73 -117 -867 273 32.79 
-2063 -215 -161 -48 -962 278 32.78 
-2071 -181 -215 -48 -1000 240 32.78 
-2049 -182 -274 -65 -943 202 32.79 
-2020 -137 -188 -71 -845 202 32.79 
-2073 -107 -167 -177 -925 318 32.8 
-2034 -127 -301 -220 -823 334 32.77 
-2058 -121 -195 -248 -673 351 32.79 
-2047 -103 -135 -345 -632 381 32.79 
-2074 -195 -98 -439 -609 404 32.77 
-2121 -332 115 -383 -648 354 32.78 
-2146 -396 198 -186 -876 196 32.8 
-2051 -252 125 -38 -1114 18 32.79 
-1987 -125 -145 -28 -1157 -88 32.78 
-1934 5 -287 -137 -964 -57 32.79 
-1997 26 -208 -248 -765 29 32.78 
-2052 6 -93 -324 -689 110 32.78 
-2005 24 -47 -330 -629 166 32.79 
-1960 7 -50 -363 -577 278 32.79 
-1941 -86 -20 -371 -504 393 32.79 
-1971 -143 97 -272 -478 454 32.78 
-1988 -111 154 -186 -547 450 32.78 
-1958 -62 108 -130 -636 447 32.8 
-1946 -5 17 -132 -612 487 32.79 
-2005 -10 -3 -157 -551 517 32.77 
-1999 -72 73 -170 -484 531 32.78 
-1996 -225 441 -101 -562 496 32.8 
-1982 -254 536 -25 -814 443 32.79 
-1902 -187 320 -48 -1054 383 32.79 
-1903 -177 100 -150 -1065 323 32.79 
-2076 -222 -14 -193 -977 163 32.77 
-2119 -224 -35 -153 -913 -53 32.79 
-2077 -131 -43 -131 -843 -180 32.78 
-2061 52 -112 -192 -721 -143 32.79 
-2097 91 -88 -275 -594 -45 32.79 
-2130 59 16 -290 -517 43 32.79 
-2122 82 75 -253 -524 87 32.76 
-2050 141 40 -246 -518 143 32.79 
-1945 200 61 -277 -414 282 32.78 
-1930 122 238 -296 -287 468 32.78 
-1929 82 400 -298 -254 596 32.79 
-1902 76 438 -351 -283 707 32.79 
-2080 -12 441 -406 -345 765 32.79 
-2158 -106 317 -387 -434 631 32.77 
-2233 -297 290 -306 -490 606 32.79 
-2161 -186 286 -212 -572 379 32.79 
-2210 -81 428 -187 -773 156 32.78 
-2327 -169 367 -213 -1003 50 32.79 
-2498 -70 736 -298 -1609 -104 32.77 
-2185 -24 359 -553 -2023 -138 32.79 
-1932 -26 -113 -647 -1927 -113 32.8 
-1867 -126 -279 -616 -1388 -88 32.78 
-1970 -230 49 -431 -877 -121 32.75 
-2083 -170 389 -264 -727 -228 32.78 
-2052 -4 563 -135 -812 -340 32.77 
-1985 -162 755 85 -912 -132 32.78 
-1824 111 478 70 -1093 -102 32.77 
-1704 229 405 83 -1044 39 32.75 
-1655 227 478 57 -860 359 32.78 
-1632 273 538 5 -761 544 32.77 
-1633 316 558 -105 -681 797 32.77 
-1668 295 438 -272 -565 958 32.78 
-1723 206 397 -432 -429 1018 32.77 
-1817 18 410 -509 -298 1098 32.8 
-1989 -220 407 -454 -225 1101 32.79 
-2113 -279 401 -338 -232 998 32.78 
-2172 -122 413 -259 -239 792 32.78 
-2612 -43 1469 -354 -490 563 32.79 
-2395 -133 970 -440 -1532 258 32.77 
-1979 -93 499 -294 -1569 41 32.79 
-2010 83 643 -196 -1474 -48 32.79 
-2035 222 660 -171 -1463 -55 32.77 
-2079 132 779 -136 -1399 34 32.76 
-1966 147 670 -122 -1411 -47 32.77 
-1979 264 684 -149 -1436 -34 32.77 
-1904 311 622 -211 -1473 45 32.78 
-1893 123 786 -182 -1459 245 32.78 
-1805 -30 825 -69 -1508 296 32.77 
-1984 22 891 3 -1532 263 32.77 
-1996 175 875 -20 -1604 229 32.79 
-1956 267 840 -172 -1584 274 32.76 
-1908 141 864 -292 -1538 334 32.77 
-1912 -46 895 -295 -1513 329 32.8 
-1872 -95 977 -203 -1498 201 32.77 
-1841 146 1098 -55 -1474 65 32.81 
-1701 149 960 -45 -1422 14 32.79 
-1586 260 853 -193 -1285 -34 32.79 
-1514 324 761 -334 -1033 91 32.76 
-1676 229 950 -446 -864 289 32.78 
-1742 161 995 -467 -889 377 32.79 
-1817 204 1015 -491 -925 412 32.77 
-1822 189 1054 -505 -979 441 32.76 
-1760 -34 1109 -434 -1061 496 32.77 
-1672 -209 1183 -158 -1125 405 32.78 
-1580 -101 1220 125 -1151 231 32.78 
-1638 109 1226 281 -1131 156 32.77 
-1665 96 1238 328 -1139 78 32.74 
-1713 156 1267 339 -1194 -26 32.74 
-1566 141 1245 343 -1313 -181 32.77 
-1567 139 1114 355 -1308 -251 32.78 
-1549 144 1036 328 -1193 -287 32.78 
-1554 300 956 220 -1023 -218 32.77 
-1637 423 983 24 -864 -38 32.76 
-1632 375 1043 -162 -724 138 32.78 
-1648 269 1130 -269 -601 230 32.77 
-1572 174 1162 -342 -488 279 32.77 
-1518 77 1153 -370 -372 302 32.78 
-1558 80 1232 -380 -287 280 32.75 
-1571 97 1307 -389 -303 244 32.77 
-1545 -103 1367 -276 -360 231 32.77 
-1503 -50 1475 -177 -430 90 32.78 
-1553 113 1396 -93 -581 4 32.76 
-1605 164 1356 -97 -677 -64 32.75 
-1574 164 1318 -81 -786 -127 32.75 
-1530 242 1290 -79 -776 -133 32.79 
-1495 229 1287 -161 -708 -112 32.79 
-1549 166 1341 -209 -697 -51 32.76 
-1485 141 1321 -214 -758 -56 32.79 
-1498 146 1299 -213 -788 -71 32.76 
-1459 134 1261 -232 -741 -68 32.76 
-1450 170 1250 -213 -707 -50 32.77 
-1500 176 1287 -263 -651 25 32.78 
-1511 138 1319 -281 -652 61 32.76 
-1491 65 1368 -280 -663 90 32.77 
-1453 100 1424 -182 -774 46 32.79 
-1499 134 1474 -158 -893 32 32.75 
-1506 127 1519 -180 -1038 -10 32.79 
-1486 131 1485 -253 -1129 -28 32.75 
-1469 117 1468 -292 -1156 37 32.76 
-1384 68 1462 -323 -1124 56 32.75 
-1346 26 1480 -323 -1086 11 32.76 
-1340 75 1496 -303 -1050 20 32.77 
-1292 85 1476 -267 -905 53 32.76 
-1296 21 1480 -266 -751 6 32.79 
-1269 -1 1491 -192 -661 -46 32.75 
-1295 -28 1542 -129 -623 -108 32.78 
-1310 20 1506 -80 -674 -172 32.77 
-1302 47 1499 -105 -675 -189 32.75 
-1287 94 1525 -9 -737 -158 32.76 
-1306 74 1572 52 -757 -107 32.77 
-1302 -104 1673 70 -814 -195 32.79 
-1281 -237 1717 -84 -934 -429 32.75 
-1332 -192 1793 -169 -1137 -670 32.76 
-1362 -109 1803 -395 -1243 -825 32.77 
-1371 -62 1838 -522 -1333 -884 32.76 
-1295 -14 1714 -582 -1374 -917 32.78 
-1249 11 1691 -571 -1371 -885 32.76 
-1200 -50 1630 -310 -1472 -797 32.75 
-1143 47 1469 -99 -1468 -734 32.77 
-1115 73 1429 31 -1347 -620 32.75 
-1137 128 1382 10 -1148 -511 32.75 
-1061 139 1279 23 -1066 -413 32.75 
-980 208 1261 -52 -860 -280 32.77 
-958 224 1385 -170 -611 -46 32.76 
-1019 146 1619 -205 -541 149 32.77 
-1086 65 1704 -309 -615 218 32.76 
-1091 -84 1805 -517 -666 220 32.77 
-1075 -246 1911 -597 -759 183 32.76 
-1029 -401 1954 -474 -929 56 32.76 
-944 -407 1911 -275 -1104 -141 32.76 
-858 -288 1802 -85 -1288 -291 32.77 
-806 -119 1644 67 -1390 -361 32.77 
-822 5 1537 122 -1344 -309 32.78 
-882 42 1569 103 -1210 -182 32.75 
-950 106 1705 118 -1161 -45 32.77 
-943 122 1789 -2 -1136 95 32.76 
-917 -70 1945 -233 -1123 206 32.77 
-921 -288 2213 -369 -1220 203 32.76 
-931 -508 2292 -310 -1447 57 32.76 
-864 -569 2233 -99 -1707 -177 32.78 
-789 -451 2033 147 -1911 -402 32.8 
-697 -302 1771 309 -2017 -528 32.76 
-657 -261 1581 398 -1971 -544 32.75 
-627 -143 1430 477 -1872 -568 32.78 
-550 143 1405 436 -1694 -534 32.76 
-418 325 1282 218 -1343 -372 32.78 
-410 396 1389 -93 -878 -110 32.77 
-493 325 1668 -294 -564 141 32.79 
-611 202 1916 -283 -534 409 32.77 
-629 -57 2055 -129 -658 540 32.75 
-634 -234 2236 55 -866 553 32.76 
-539 -316 2232 168 -1115 465 32.76 
-412 -511 2096 155 -1297 252 32.78 
-272 -577 1877 -163 -1327 -207 32.77 
-336 -250 1890 -273 -1324 -415 32.76 
-313 -87 1764 -66 -1247 -422 32.77 
-282 -24 1681 78 -1058 -399 32.77 
-265 68 1643 189 -790 -320 32.79 
-298 113 1751 270 -546 -184 32.76 
-367 104 1908 294 -420 -59 32.78 
-433 25 2021 218 -369 34 32.77 
-481 -111 2115 111 -399 42 32.77 
-461 -83 2142 57 -511 24 32.8 
-407 -96 2105 36 -640 11 32.77 
-348 -110 1992 49 -770 -24 32.77 
-256 -85 1843 76 -806 -29 32.78 
-194 -14 1777 133 -708 2 32.79 
-203 34 1797 251 -603 67 32.78 
-265 74 1882 364 -549 156 32.77 
-328 108 2000 517 -547 314 32.78 
-266 162 2107 576 -561 435 32.77 
-212 2 2009 446 -564 528 32.76 
-173 -234 2026 312 -538 452 32.77 
-107 -346 2026 222 -547 266 32.78 
-97 -277 2012 103 -543 67 32.78 
-137 -195 2015 11 -543 -67 32.79 
-211 -85 1974 -24 -582 -133 32.79 
-263 -1 1907 11 -535 -75 32.75 
-315 62 1966 97 -463 -5 32.78 
-327 119 1980 191 -440 74 32.78 
-330 97 1961 281 -484 160 32.79 
-272 177 1933 319 -512 247 32.78 
-262 200 1992 250 -460 359 32.79 
-219 382 2057 142 -499 554 32.78 
-250 148 2056 -50 -626 714 32.77 
-225 -168 2022 -132 -810 694 32.79 
-94 -384 1895 -36 -966 548 32.78 
-2 -423 1866 75 -953 324 32.79 
18 -198 1901 137 -832 37 32.78 
9 98 1947 80 -679 -31 32.77 
-53 110 1960 -27 -463 36 32.77 
-83 -102 2005 -103 -290 58 32.77 
-19 -325 1923 -66 -86 -92 32.78 
-12 -200 1906 50 207 -297 32.77 
-79 55 2003 4 363 -354 32.75 
-157 101 1981 -172 478 -384 32.77 
-164 283 2090 -340 450 -345 32.77 
-19 295 1920 -455 417 -221 32.79 
69 122 1835 -428 430 3 32.78 
-70 70 1999 -248 302 170 32.78 
-231 183 2014 -163 -50 340 32.79 
-337 116 1976 -120 -264 469 32.77 
-353 -4 1983 29 -435 561 32.8 
-317 -126 2062 219 -540 601 32.78 
-273 -125 2069 383 -586 587 32.8 
-277 -360 2072 516 -631 514 32.78 
-235 -615 2061 682 -690 190 32.77 
-179 -574 2010 745 -711 -129 32.75 
-174 -460 2011 715 -711 -444 32.79 
-179 -153 2046 622 -705 -642 32.77 
-201 53 2040 489 -692 -641 32.76 
-208 122 2150 296 -706 -580 32.79 
-177 111 2132 98 -731 -530 32.79 
-129 83 2071 2 -780 -567 32.77 
-70 153 1961 -19 -844 -538 32.76 
14 160 1896 58 -914 -404 32.8 
3 238 2014 192 -1099 -283 32.8 
33 300 1917 261 -1306 -142 32.8 
197 236 1832 378 -1284 71 32.79 
228 14 1905 508 -1141 140 32.78 
289 -74 1846 585 -1011 64 32.8 
189 -10 1892 644 -846 -25 32.78 
164 -31 1893 662 -793 -55 32.8 
125 -46 1912 655 -772 -120 32.79 
86 123 2036 524 -739 -138 32.77 
5 85 2090 323 -699 -74 32.79 
6 -24 2042 146 -815 -105 32.79 
-14 69 2016 8 -871 -158 32.81 
5 169 1988 -81 -868 -118 32.77 
151 164 1978 -86 -1031 -31 32.8 
352 193 1742 110 -899 147 32.75 
350 312 1835 232 -733 290 32.78 
296 379 1913 268 -662 475 32.77 
310 104 1958 306 -649 579 32.77 
371 -171 1950 329 -689 443 32.79 
405 -170 1879 332 -692 254 32.79 
410 69 1903 208 -522 28 32.81 
319 98 1959 38 -323 -57 32.78 
225 101 2046 -3 -400 -106 32.77 
211 173 1999 -7 -596 -88 32.78 
298 232 1938 -2 -698 -33 32.76 
358 235 1933 -4 -685 13 32.78 
394 225 1892 7 -647 62 32.79 
454 174 1859 28 -539 151 32.78 
441 158 1879 60 -437 203 32.79 
389 120 1917 89 -373 227 32.81 
377 88 1963 128 -355 225 32.79 
386 57 1991 164 -395 191 32.74 
402 91 1974 182 -442 148 32.77 
460 116 1911 172 -424 112 32.77 
546 180 1896 164 -324 101 32.76 
569 254 1876 155 -257 152 32.78 
558 196 1881 173 -243 219 32.8 
564 166 1861 238 -223 286 32.76 
522 131 1914 291 -193 316 32.79 
439 122 2005 309 -274 300 32.77 
438 78 2013 303 -409 250 32.78 
480 43 1994 311 -498 209 32.78 
522 -9 1946 327 -523 195 32.79 
497 -48 1950 297 -515 98 32.78 
452 -15 1942 228 -501 0 32.77 
477 -15 1919 161 -537 -105 32.77 
474 127 1993 54 -595 -227 32.77 
506 271 1869 -76 -624 -255 32.78 
514 236 1820 -157 -547 -253 32.79 
474 242 1838 -180 -561 -239 32.79 
538 275 1746 -116 -511 -166 32.76 
546 269 1757 -27 -379 -106 32.78 
545 283 1760 52 -233 -82 32.79 
536 364 1766 131 -80 13 32.78 
503 343 1823 137 -12 125 32.77 
527 261 1804 106 0 194 32.77 
609 125 1790 113 57 160 32.79 
658 97 1804 86 121 58 32.77 
605 77 1794 31 173 -54 32.78 
582 126 1809 -10 167 -126 32.78 
582 122 1782 -19 185 -166 32.77 
487 148 1854 0 236 -208 32.77 
461 231 1926 -25 238 -233 32.76 
480 206 1890 -68 244 -271 32.76 
460 198 1915 -93 266 -311 32.79 
436 181 1906 -108 269 -341 32.79 
531 256 1789 -83 306 -315 32.79 
523 217 1754 -23 421 -232 32.76 
500 229 1846 31 509 -166 32.79 
491 289 1867 36 537 -74 32.77 
485 225 1840 22 591 -32 32.79 
453 187 1863 15 623 -36 32.79 
445 216 1804 21 641 -36 32.78 
463 163 1801 59 709 -28 32.8 
445 97 1852 92 709 -70 32.78 
453 181 1874 94 674 -94 32.77 
437 246 1868 70 717 -76 32.78 
412 188 1933 44 786 -74 32.79 
355 118 1989 -5 824 -130 32.78 
336 142 1997 -25 820 -182 32.79 
241 199 2001 -10 789 -185 32.8 
187 225 2056 -17 721 -187 32.78 
193 227 2053 -48 654 -195 32.8 
235 208 2012 -98 608 -200 32.78 
269 205 1955 -128 582 -191 32.78 
289 200 1938 -143 591 -176 32.78 
275 204 1888 -148 628 -156 32.75 
253 235 1923 -127 670 -129 32.77 
266 189 1929 -120 683 -94 32.75 
261 124 1924 -115 692 -98 32.78 
275 109 1887 -100 749 -141 32.78 
316 145 1928 -89 821 -183 32.79 
221 174 1994 -85 839 -228 32.79 
143 260 2021 -82 698 -226 32.76 
179 263 1959 -57 631 -125 32.79 
178 186 1986 -42 644 -83 32.78 
224 213 2005 -52 718 -106 32.77 
243 285 1980 -90 842 -109 32.81 
178 288 1979 -110 991 -58 32.77 
82 245 2017 -71 996 32 32.77 
81 200 2010 14 952 132 32.78 
104 208 2014 99 996 196 32.77 
63 221 2045 182 1118 250 32.77 
90 256 1993 231 1251 310 32.77 
47 240 1990 208 1389 334 32.8 
24 157 1995 145 1484 288 32.79 
-3 112 1965 114 1510 218 32.79 
-32 219 2043 124 1458 206 32.78 
-76 285 2043 143 1271 272 32.77 
-169 272 2034 188 1104 379 32.78 
-200 155 2142 251 677 482 32.78 
21 132 2000 239 458 433 32.77 
27 142 1876 98 935 256 32.78 
-93 142 1831 193 871 216 32.78 
29 207 1806 227 962 237 32.78 
30 271 1854 213 1185 256 32.79 
-18 288 1836 199 1347 313 32.78 
-134 298 1844 158 1670 407 32.79 
-325 279 1932 148 1771 461 32.78 
-384 303 2022 108 1759 526 32.77 
-376 206 2009 3 1804 522 32.75 
-374 71 2006 -81 1829 377 32.78 
-359 119 1916 -147 1750 -13 32.79 
-427 149 1946 -163 1637 -86 32.8 
-486 129 1943 -169 1494 -95 32.78 
-593 135 1905 -147 1394 -77 32.78 
-684 209 1903 -119 1408 -20 32.79 
-708 265 1932 -120 1478 48 32.78 
-691 246 1938 -158 1620 120 32.79 
-738 180 1959 -197 1744 119 32.79 
-755 137 1945 -204 1773 62 32.78 
-784 13 1880 -168 1770 8 32.77 
-805 -95 1866 -103 1754 -92 32.77 
-798 7 1933 -30 1705 -209 32.79 
-803 198 1997 -28 1597 -261 32.79 
-805 227 1954 -50 1513 -292 32.77 
-803 249 1912 -30 1494 -313 32.79 
-845 298 1901 21 1499 -271 32.8 
-928 245 1866 140 1618 -221 32.79 
-986 456 1957 310 1733 -185 32.81 
-832 360 1770 394 1839 8 32.78 
-778 254 1743 495 1893 198 32.79 
-764 294 1820 525 1833 394 32.79 
-811 230 1767 460 1794 482 32.8 
-915 14 1691 346 1797 408 32.8 
-955 -138 1593 289 1792 179 32.78 
-1016 -79 1576 251 1785 22 32.79 
-1227 -11 1616 207 1780 -68 32.79 
-1380 85 1662 176 1726 -147 32.79 
-1400 220 1682 162 1716 -235 32.78 
-1282 570 1841 52 1722 -212 32.77 
-1223 678 1741 -96 1825 -30 32.77 
-1264 575 1721 -183 1887 134 32.77 
-1230 411 1667 -156 1826 191 32.77 
-1177 253 1594 -77 1721 197 32.78 
-1082 114 1386 46 1694 209 32.8 
-1060 98 1299 179 1774 239 32.8 
-1151 152 1284 298 1865 295 32.78 
-1226 180 1282 378 1913 329 32.79 
-1280 190 1284 410 1975 339 32.79 
-1348 90 1234 423 2106 332 32.82 
-1482 85 1240 446 2265 286 32.81 
-1539 226 1297 429 2319 253 32.82 
-1578 251 1314 375 2278 211 32.8 
-1585 273 1346 333 2197 137 32.81 
-1532 308 1302 317 2109 28 32.8 
-1600 381 1327 297 2093 -55 32.79 
-1683 459 1359 244 1852 -108 32.78 
-1531 445 1118 218 1655 -112 32.79 
-1467 438 1111 196 1671 -105 32.79 
-1503 400 1108 172 1696 -106 32.78 
-1531 368 1079 158 1684 -115 32.77 
-1602 332 1045 117 1737 -83 32.78 
-1788 313 1049 132 1703 13 32.78 
-1882 378 997 181 1632 88 32.79 
-1865 329 991 211 1604 88 32.79 
-1821 235 963 290 1433 5 32.76 
-1779 266 925 412 1269 -57 32.79 
-1712 295 912 545 1308 -127 32.78 
-1709 263 882 635 1431 -251 32.78 
-1680 268 861 723 1475 -344 32.79 
-1662 324 835 809 1484 -410 32.8 
-1644 435 837 809 1547 -455 32.8 
-1673 474 774 706 1627 -426 32.79 
-1705 447 738 627 1687 -328 32.82 
-1732 395 679 578 1765 -201 32.8 
-1785 335 638 482 1875 -117 32.79 
-1824 294 595 268 2095 -158 32.78 
-1908 241 556 157 2212 -163 32.78 
-1941 257 558 185 2242 -153 32.78 
-1871 383 499 208 2290 -171 32.79 
-1809 453 441 158 2371 -215 32.77 
-1743 673 468 51 2486 -198 32.77 
-1720 668 365 -93 2676 -127 32.79 
-1815 532 274 -214 2926 -75 32.78 
-1947 522 265 -261 3133 -44 32.79 
-2055 524 215 -383 3323 2 32.82 
-2038 428 134 -463 3509 -1 32.82 
-1955 299 43 -578 3583 -72 32.82 
-1953 253 -26 -644 3964 -51 32.8 
-2015 201 -58 -621 4137 -25 32.79 
-2054 250 14 -551 3985 -40 32.77 
-1950 308 -140 -545 3918 -7 32.78 
-1936 324 -140 -548 4046 8 32.8 
-1992 244 -279 -617 3877 -19 32.77 
-2002 266 -255 -808 3748 -44 32.81 
-2028 179 -268 -920 3636 -46 32.77 
-2038 281 -236 -955 3539 -66 32.79 
-2003 368 -453 -967 3486 -63 32.77 
-1892 428 -720 -1106 3837 -41 32.78 
-1920 478 -698 -1212 4316 3 32.78 
-2070 473 -668 -1263 4254 78 32.79 
-2029 423 -652 -1260 4231 209 32.79 
-2015 447 -751 -1250 4371 332 32.82 
-2200 250 -694 -947 3977 419 32.81 
-1955 253 -898 -813 3732 375 32.78 
-1737 241 -850 -851 3913 309 32.8 
-1877 243 -773 -676 3522 223 32.82 
-1787 315 -945 -690 3158 267 32.79 
-1615 313 -1184 -937 3301 285 32.77 
-1671 286 -1246 -1018 3422 257 32.79 
-1797 284 -1219 -977 3410 244 32.79 
-1918 374 -1270 -786 3068 279 32.8 
-1999 411 -1059 -558 2649 352 32.79 
-1879 505 -1285 -239 2261 480 32.81 
-1713 435 -1322 -93 2129 575 32.82 
-1702 345 -1137 208 1766 617 32.82 
-1567 317 -1272 560 1453 701 32.79 
-1445 358 -1378 754 1338 744 32.81 
-1449 502 -1403 734 1422 791 32.78 
-1451 547 -1249 682 1355 744 32.82 
-1447 538 -1308 564 1229 603 32.81 
-1400 473 -1508 451 1295 519 32.8 
-1392 481 -1484 372 1478 439 32.78 
-1346 622 -1625 342 1583 461 32.77 
-1245 633 -1741 158 1768 589 32.79 
-1574 637 -1304 -23 1787 587 32.81 
-1542 572 -1337 168 1404 631 32.78 
-1444 538 -1517 368 1081 619 32.76 
-1337 463 -1518 417 1001 615 32.78 
-1270 462 -1543 481 939 623 32.76 
-1196 498 -1571 474 942 596 32.82 
-1142 529 -1628 491 967 567 32.8 
-1132 543 -1607 406 1034 518 32.79 
-1138 573 -1643 235 1041 459 32.78 
-1177 540 -1624 112 1026 436 32.78 
-1145 472 -1628 152 1089 411 32.83 
-1139 441 -1686 350 1231 386 32.79 
-1125 505 -1701 516 1372 391 32.78 
-1165 553 -1716 432 1382 409 32.79 
-1185 531 -1672 384 1458 485 32.8 
-1141 555 -1690 381 1448 534 32.8 
-1093 590 -1691 422 1382 558 32.81 
-1050 598 -1742 370 1293 528 32.8 
-945 602 -1791 300 1350 490 32.79 
-925 575 -1915 106 1360 423 32.78 
-923 579 -1898 -80 1352 354 32.79 
-861 599 -1848 -180 1415 305 32.8 
-740 597 -1799 -171 1661 317 32.8 
-819 612 -1836 -225 1810 325 32.79 
-902 588 -1852 -321 1897 281 32.8 
-924 508 -1877 -248 1885 240 32.82 
-916 490 -1939 -189 1876 216 32.8 
-881 557 -2079 -150 1780 211 32.82 
-840 615 -2172 -168 1828 237 32.8 
-815 576 -2129 -169 1948 263 32.79 
-705 540 -1944 -72 2088 312 32.79 
-731 498 -1947 30 2216 380 32.79 
-578 613 -2000 96 2162 373 32.76 
-563 649 -2046 -46 2142 354 32.78 
-513 653 -2014 -67 2154 349 32.78 
-472 698 -1981 -187 2152 338 32.78 
-411 656 -2011 -373 2191 324 32.81 
-433 554 -1944 -442 2192 261 32.79 
-490 564 -1956 -364 2015 247 32.82 
-500 511 -2000 -278 1792 268 32.78 
-433 465 -2056 -102 1472 280 32.79 
-329 539 -2095 66 1237 250 32.78 
-256 615 -2050 94 1190 250 32.78 
-207 605 -1939 -5 1344 243 32.8 
-209 652 -1845 -82 1434 179 32.79 
-264 758 -1875 -224 1490 263 32.79 
-175 698 -1921 -341 1491 298 32.79 
-78 766 -2110 -495 1631 320 32.81 
-47 717 -2156 -621 1800 277 32.82 
-110 696 -2142 -703 1984 276 32.8 
-113 697 -2072 -736 2026 265 32.79 
-58 678 -2123 -743 1955 263 32.8 
32 627 -2202 -683 1861 233 32.8 
163 551 -2257 -543 1953 256 32.8 
186 666 -2277 -382 2137 303 32.79 
270 664 -2317 -286 2371 401 32.81 
235 652 -2081 -237 2642 463 32.82 
235 801 -2121 -393 3015 476 32.81 
286 769 -1959 -789 3322 390 32.8 
292 710 -1876 -1109 3496 282 32.81 
334 734 -2005 -1214 3629 245 32.81 
355 761 -2011 -1192 3719 326 32.79 
351 738 -2044 -1184 3496 313 32.77 
415 874 -1911 -1035 3200 327 32.79 
422 873 -1804 -863 2986 414 32.83 
472 886 -1713 -631 2696 414 32.79 
590 792 -1678 -495 2427 355 32.81 
670 713 -1816 -415 2310 291 32.8 
693 721 -1930 -388 2304 286 32.8 
687 699 -1874 -288 2274 394 32.82 
678 755 -1741 -46 2082 586 32.82 
685 778 -1670 304 1760 739 32.81 
718 821 -1629 784 1399 815 32.81 
764 741 -1636 1158 1165 946 32.8 
808 630 -1732 1245 1047 1005 32.8 
870 588 -1768 1095 983 949 32.8 
965 661 -1786 773 1108 798 32.8 
1081 787 -1835 387 1378 608 32.79 
1117 848 -1973 69 1704 471 32.79 
1106 836 -1925 -221 2061 352 32.8 
1077 810 -1802 -394 2261 294 32.82 
1018 835 -1684 -440 2240 322 32.81 
998 815 -1563 -471 2092 383 32.81 
1056 796 -1580 -445 1929 451 32.82 
1181 770 -1642 -448 1865 478 32.81 
1256 755 -1703 -465 1905 491 32.8 
1333 758 -1748 -464 2022 525 32.82 
1336 695 -1681 -458 2178 568 32.81 
1312 643 -1567 -420 2159 554 32.81 
1294 654 -1481 -377 1967 549 32.81 
1205 715 -1420 -246 1637 518 32.79 
1178 802 -1463 -98 1325 504 32.8 
1232 837 -1409 50 1128 505 32.82 
1237 795 -1365 100 1012 486 32.82 
1371 815 -1375 92 984 471 32.82 
1400 792 -1365 -22 966 487 32.82 
1403 714 -1337 -54 885 482 32.81 
1386 700 -1381 44 705 356 32.8 
1459 720 -1402 116 538 182 32.8 
1541 739 -1414 119 459 75 32.79 
1666 689 -1465 136 463 25 32.83 
1663 707 -1470 210 558 62 32.83 
1588 570 -1458 270 737 241 32.83 
1643 407 -1442 185 959 223 32.79 
1537 562 -1334 198 1122 192 32.83 
1442 761 -1283 251 1194 215 32.83 
1441 811 -1282 282 1150 296 32.82 
1510 741 -1324 334 1155 356 32.81 
1587 628 -1320 396 1274 424 32.81 
1560 526 -1272 412 1323 442 32.79 
1545 544 -1268 383 1289 376 32.81 
1550 667 -1309 304 1242 320 32.81 
1581 752 -1410 205 1274 381 32.8 
1707 777 -1510 69 1417 484 32.8 
1792 699 -1479 -166 1746 575 32.78 
1816 533 -1393 -351 2059 591 32.8 
1784 519 -1236 -318 2274 514 32.82 
1643 582 -1028 -133 2308 531 32.81 
1537 517 -874 127 2098 620 32.79 
1545 433 -877 281 1728 571 32.81 
1647 452 -968 375 1533 522 32.82 
1725 476 -906 423 1498 491 32.79 
1741 551 -908 445 1530 479 32.83 
1732 520 -889 464 1635 514 32.82 
1717 577 -888 730 1387 255 32.81 
1809 587 -883 819 1256 190 32.81 
1887 534 -893 832 1252 234 32.8 
1903 487 -876 807 1335 313 32.79 
1857 478 -787 761 1386 368 32.82 
1863 410 -763 698 1461 425 32.81 
1835 368 -800 604 1593 444 32.81 
1827 304 -863 547 1685 435 32.82 
1841 310 -838 580 1798 386 32.8 
1831 421 -785 652 1857 364 32.79 
1806 476 -683 718 1825 441 32.79 
1841 455 -623 711 1712 537 32.79 
1890 308 -684 648 1692 528 32.82 
2035 268 -742 574 1799 419 32.79 
2081 319 -814 467 2060 270 32.8 
2008 328 -662 281 2425 56 32.82 
2015 415 -553 108 2607 -121 32.82 
1975 421 -489 27 2618 -250 32.8 
1971 424 -367 41 2498 -306 32.82 
1937 359 -396 190 2296 -278 32.82 
1928 310 -451 399 2074 -250 32.82 
1953 327 -412 507 1907 -212 32.81 
1988 367 -286 498 1906 -149 32.81 
1917 383 -176 415 1942 -63 32.81 
1869 396 -133 368 1853 34 32.8 
1906 395 -71 319 1694 135 32.82 
1954 386 -25 252 1554 251 32.8 
1960 428 -40 151 1405 377 32.79 
1961 408 46 92 1212 459 32.83 
1972 372 20 52 960 535 32.83 
1987 394 -29 69 703 571 32.82 
2000 388 -78 116 501 591 32.82 
2126 415 -198 154 436 611 32.8 
2207 366 -260 192 591 600 32.79 
2133 317 -217 235 1093 352 32.81 
2107 288 -217 245 1378 161 32.79 
2093 363 -187 215 1657 -2 32.82 
2081 325 -85 111 1914 -71 32.84 
2106 312 73 37 2024 -47 32.84 
2034 380 160 3 1976 13 32.82 
1912 418 283 -66 1515 264 32.84 
1955 367 327 -133 1143 438 32.83 
2002 303 339 -177 826 667 32.82 
2044 253 276 -179 651 803 32.81 
1968 227 298 -136 502 755 32.82 
1886 251 263 -106 411 564 32.81 
1853 331 211 -139 378 423 32.84 
1862 406 78 -176 308 406 32.81 
1953 302 -130 -175 503 423 32.82 
2042 193 100 -195 755 377 32.82 
2157 219 169 -188 1037 357 32.81 
2083 258 253 -196 1236 436 32.82 
2021 278 341 -221 1182 589 32.82 
2028 255 369 -239 1079 710 32.82 
2087 258 349 -250 970 805 32.83 
2099 222 376 -278 928 906 32.82 
2109 189 376 -272 876 1001 32.79 
2048 76 369 -210 869 1064 32.82 
1971 68 393 -166 862 1054 32.83 
1870 112 364 -193 835 1023 32.82 
1761 35 400 -236 744 949 32.82 
1820 6 382 -228 640 838 32.81 
1920 -45 286 -176 683 710 32.82 
2018 -58 310 -152 871 600 32.82 
2067 -11 319 -156 1160 523 32.83 
2039 21 445 -169 1352 503 32.82 
1978 58 505 -213 1334 582 32.82 
1908 66 526 -243 1232 681 32.82 
1843 22 542 -254 1132 738 32.79 
1777 -43 580 -279 1063 746 32.82 
1808 -73 659 -300 938 764 32.79 
1911 -92 653 -255 822 777 32.79 
1941 -105 614 -165 782 755 32.81 
1880 -116 629 -59 770 660 32.79 
1859 -199 609 37 782 531 32.85 
1931 -250 613 76 913 408 32.81 
1942 -334 709 115 1070 350 32.82 
2008 -270 790 149 1143 371 32.82 
2044 -221 740 77 1218 504 32.83 
2033 -215 659 -35 1450 598 32.82 
1969 -190 669 -61 1703 614 32.83 
1865 -174 774 -75 1829 617 32.82 
1737 -207 839 -118 1843 621 32.84 
1613 -255 988 -76 1618 607 32.83 
1625 -240 1067 -1 1193 564 32.83 
1771 -199 888 78 954 500 32.83 
1853 -250 754 201 995 428 32.83 
1846 -241 916 341 1131 300 32.81 
1801 -180 1085 339 1151 255 32.81 
1738 -146 1152 237 1017 310 32.84 
1772 -125 1189 100 765 416 32.82 
1898 -203 1036 31 698 487 32.84 
1949 -254 1040 52 809 499 32.82 
1949 -285 1075 89 964 497 32.84 
1796 -434 1052 146 1186 427 32.82 
1669 -428 1108 257 1287 264 32.8 
1746 -369 1083 360 1284 154 32.83 
1806 -422 1093 568 1319 117 32.85 
1832 -400 1244 752 1309 85 32.84 
1811 -214 1161 719 1391 106 32.84 
1585 -82 1117 500 1420 183 32.82 
1508 -53 1101 351 1218 231 32.82 
1567 -48 969 285 1015 263 32.81 
1585 -92 1044 280 938 288 32.81 
1595 -147 1122 267 912 312 32.83 
1536 -235 1253 216 900 351 32.82 
1563 -337 1375 157 840 386 32.83 
1580 -288 1348 134 831 391 32.82 
1541 -297 1256 187 872 304 32.85 
1503 -320 1189 376 1013 49 32.84 
1522 -329 1255 562 1164 -195 32.85 
1513 -317 1322 634 1218 -313 32.86 
1532 -169 1373 610 1160 -305 32.82 
1536 1 1116 576 951 -197 32.85 
1502 -11 1146 517 934 -155 32.83 
1370 -14 1279 269 693 -107 32.84 
1283 -108 1282 312 459 -169 32.84 
1353 -7 1281 375 201 -233 32.84 
1546 25 1275 419 124 -241 32.81 
1572 -13 1399 415 220 -232 32.83 
1596 63 1362 418 253 -231 32.83 
1649 93 1361 352 340 -194 32.82 
1634 57 1336 263 556 -162 32.81 
1565 -11 1327 227 807 -167 32.83 
1447 -73 1311 196 1060 -168 32.84 
1292 -84 1358 154 1143 -124 32.85 
1205 -131 1375 31 941 56 32.83 
1151 -138 1541 -15 769 88 32.82 
1212 -152 1522 -110 534 125 32.83 
1300 -112 1381 -133 435 132 32.83 
1303 13 1393 -186 418 139 32.85 
1308 -61 1440 -250 385 114 32.84 
1355 -56 1424 -225 444 54 32.84 
1366 8 1420 -263 610 52 32.84 
1340 -59 1488 -321 706 86 32.83 
1341 -167 1390 -257 825 87 32.82 
1174 -74 1396 -95 1026 186 32.82 
1265 -227 1414 44 1117 215 32.84 
1245 -287 1387 268 1225 162 32.83 
1170 -271 1489 486 1276 114 32.84 
1171 -202 1487 624 1307 103 32.86 
1165 -98 1479 688 1370 140 32.84 
1219 -55 1581 615 1398 174 32.82 
1216 -73 1574 524 1440 200 32.82 
1119 -108 1658 533 1480 164 32.81 
1057 99 1752 389 1338 188 32.84 
1094 250 1593 172 1264 323 32.83 
1082 27 1787 -15 1147 316 32.84 
1062 34 1704 -75 1120 320 32.82 
1012 -63 1521 -142 1194 377 32.83 
984 -187 1552 -127 1314 348 32.82 
960 -132 1655 -100 1382 280 32.81 
916 -158 1667 -85 1403 306 32.81 
1006 -221 1657 -30 1392 340 32.8 
975 -248 1656 118 1473 324 32.83 
934 -302 1763 323 1488 288 32.83 
1034 -320 1796 551 1488 223 32.82 
997 -205 1803 727 1515 188 32.83 
944 -61 1743 729 1584 201 32.85 
881 5 1719 581 1626 211 32.81 
841 31 1667 493 1646 206 32.82 
789 17 1683 521 1730 212 32.82 
733 -57 1630 470 1809 147 32.83 
758 -108 1480 571 1987 122 32.83 
698 -94 1556 692 2144 110 32.83 
623 -93 1618 832 2277 104 32.83 
517 -58 1751 900 2279 103 32.83 
470 -34 1715 842 2262 94 32.81 
445 -30 1859 714 2175 82 32.84 
546 -77 1985 692 2078 53 32.84 
556 -80 2095 813 2101 11 32.83 
469 30 2153 872 2037 12 32.84 
385 126 2067 762 1836 51 32.83 
312 84 2132 671 1626 78 32.84 
305 101 2189 631 1368 69 32.85 
339 162 2034 550 1223 67 32.83 
353 131 1865 466 1236 53 32.84 
287 56 1705 467 1312 32 32.82 
253 -11 1689 687 1432 40 32.84 
271 26 1722 890 1487 58 32.86 
239 87 1782 1057 1501 103 32.84 
232 154 1821 1098 1582 112 32.86 
173 155 1824 1071 1685 121 32.84 
122 92 1993 1046 1744 133 32.82 
77 164 2023 1037 1698 123 32.83 
60 338 1899 977 1676 160 32.82 
7 365 1815 869 1673 175 32.83 
-61 301 1930 868 1724 284 32.83 
-42 274 2030 859 1733 347 32.83 
-90 320 2026 728 1676 331 32.83 
-192 251 2089 533 1470 231 32.86 
-272 295 2148 337 1128 93 32.82 
-213 330 2089 227 847 -20 32.83 
-151 369 1954 405 465 -33 32.83 
-148 384 1914 521 337 59 32.83 
-68 467 1744 464 222 126 32.84 
-94 430 1737 178 187 162 32.86 
-142 304 1872 -76 154 141 32.86 
-151 236 1922 -200 165 136 32.85 
-114 177 1890 -163 332 117 32.86 
-118 112 1793 -27 530 75 32.84 
-87 138 1775 154 774 35 32.82 
-106 217 1756 193 1057 -48 32.83 
-194 267 1855 117 1252 -128 32.82 
-360 262 2175 41 1213 -227 32.84 
-528 270 2266 20 855 -320 32.82 
-577 283 2296 7 466 -387 32.83 
-615 332 2270 -48 9 -487 32.84 
-522 452 2102 -269 -327 -538 32.85 
-358 328 2056 -657 -540 -627 32.84 
-237 270 2012 -901 -636 -711 32.86 
109 278 1748 -923 -318 -717 32.85 
244 429 1646 -726 413 -568 32.86 
66 413 1656 -609 931 -342 32.84 
-261 265 1798 -654 1130 -161 32.83 
-377 135 1869 -788 1028 -122 32.85 
-419 75 1907 -866 778 -136 32.84 
-361 41 1877 -826 618 -159 32.83 
-300 81 1928 -667 595 -224 32.84 
-314 125 2033 -483 564 -228 32.84 
-383 162 2116 -334 514 -237 32.84 
-455 199 2174 -263 360 -290 32.85 
-512 57 2221 -203 125 -361 32.84 
-544 -5 2205 -74 -191 -501 32.86 
-512 207 2291 -2 -443 -552 32.83 
-668 712 2651 -369 -897 -552 32.82 
-336 530 2225 -716 -1299 -438 32.84 
-122 272 1923 -891 -1304 -327 32.84 
117 225 1716 -1022 -1008 -304 32.85 
50 131 1741 -1087 -464 -338 32.84 
-158 59 1927 -1063 -53 -365 32.83 
-310 64 2074 -961 36 -335 32.83 
-390 85 2090 -786 -41 -213 32.82 
-349 68 2067 -604 -97 -67 32.82 
-300 -8 2033 -454 -106 27 32.84 
-307 -30 2037 -305 -94 62 32.85 
-291 -10 1951 -215 -108 53 32.84 
-352 28 1933 -170 -140 22 32.85 
-401 -54 1986 -170 -228 -27 32.81 
-189 -81 1920 -224 -395 -162 32.81 
-86 -93 1899 -209 -271 -248 32.83 
-262 -57 1996 -188 -248 -304 32.82 
-213 -19 1929 -189 -271 -297 32.84 
-183 -46 1855 -175 -213 -245 32.85 
-242 -46 1882 -279 -163 -262 32.86 
-548 35 2098 -349 -138 -190 32.84 
-289 -94 2144 -54 -374 40 32.84 
-175 -27 1929 57 -340 54 32.84 
-200 -56 1945 72 -332 96 32.85 
-225 -32 1949 114 -318 109 32.83 
-244 -23 1937 165 -281 94 32.84 
-272 -6 1997 129 -289 74 32.84 
-241 -18 1997 52 -354 40 32.84 
-186 -12 1965 13 -384 30 32.84 
-181 -23 1947 15 -380 31 32.85 
-161 -11 1934 15 -403 37 32.87 
-157 -12 1934 25 -391 45 32.88 
-170 -5 1961 25 -377 50 32.86 
-161 6 1958 19 -394 68 32.83 
-171 -2 1961 -16 -454 74 32.86 
-249 -4 1962 -80 -475 70 32.85 
-254 -38 2014 -143 -528 76 32.84 
-143 -5 1965 -147 -521 74 32.82 
-127 -18 1946 -145 -470 75 32.84 
-105 -58 1972 -134 -423 73 32.84 
-102 -58 1968 -116 -390 66 32.82 
-101 -68 1998 -104 -403 50 32.85 
-110 -33 1990 -87 -420 51 32.84 
-104 -28 1995 -82 -433 54 32.82 
-92 -22 1972 -54 -425 54 32.84 
-95 -18 1961 -15 -413 52 32.85 
-96 -27 1963 15 -443 53 32.84 
-78 -43 1942 40 -454 62 32.83 
-55 -46 1931 57 -424 61 32.84 
-74 -45 1960 41 -369 28 32.84 
-70 -55 1966 21 -320 -10 32.85 
-41 -47 1950 8 -278 -40 32.83 
-42 -36 1944 -5 -238 -61 32.84 
-69 -48 1971 -35 -215 -62 32.83 
-24 -26 1970 -48 -197 -58 32.86 
-116 -45 2195 5 -176 -43 32.86 
-73 -28 2013 115 -48 -24 32.85 
-4 -24 1938 127 -37 -26 32.84 
-42 -26 1937 147 -17 -28 32.86 
-47 -44 1950 168 -32 -18 32.84 
-49 -37 1943 187 -53 -1 32.83 
-60 -24 1972 204 -53 21 32.81 
-48 -20 1965 198 -69 36 32.84 
-4 -3 1959 207 -75 43 32.84 
15 -14 2012 222 -76 48 32.86 
-56 -12 2005 74 -179 9 32.85 
-60 -16 1973 40 -174 -15 32.83 
-40 -6 1971 27 -148 -15 32.86 
-17 -6 1981 26 -154 -13 32.82 
-6 -3 1972 25 -162 -21 32.84 
-43 -8 1967 20 -142 -36 32.87 
-23 0 1966 22 -146 -34 32.84 
-52 -13 1954 21 -147 -28 32.87 
-59 -13 1960 19 -135 -19 32.85 
-21 6 1972 18 -137 -8 32.83 
-5 -3 1976 19 -143 -6 32.81 
-24 -11 1973 20 -142 -4 32.82 
-11 6 1970 20 -145 4 32.82 
-2 13 1961 20 -152 12 32.83 
-20 -14 1975 21 -161 11 32.84 
-15 -3 1973 21 -168 12 32.85 
-21 2 1992 28 -212 16 32.83 
-5 -46 1965 15 -90 -25 32.86 
-32 -34 1971 4 -36 -42 32.85 
23 -16 1945 2 -46 -35 32.84 
54 -27 1956 1 -46 -45 32.85 
-73 -8 1958 2 -47 25 32.85 
-26 -11 1977 1 -37 14 32.85 
-14 -18 1978 2 -37 1 32.86 
14 4 1951 -1 -43 4 32.85 
12 -7 1968 4 -39 3 32.85 
-20 -3 1979 4 -32 0 32.86 
-14 -3 1973 6 -34 1 32.86 
-4 -14 1970 6 -35 0 32.84 
0 -4 1964 4 -36 0 32.85 
-14 -8 1971 4 -34 -1 32.83 
-16 -12 1967 4 -34 -1 32.85 
2 -3 1965 5 -35 0 32.85 
-1 2 1969 5 -36 0 32.85 
-17 -8 1973 5 -35 0 32.85 
11 -3 1972 7 -34 -1 32.84 
-13 -14 1977 5 -35 -1 32.86 
-12 -6 1976 4 -35 -1 32.84 
-4 -6 1972 6 -35 -1 32.84 
-6 -6 1965 6 -35 -1 32.86 
7 3 1966 6 -35 -1 32.87 
-18 -10 1965 6 -34 -1 32.84 
16 -3 1974 6 -34 0 32.83 
-6 -6 1968 5 -35 -1 32.84 
1 -2 1978 5 -35 0 32.85 
-17 -6 1980 5 -35 -1 32.84 
12 -3 1971 5 -35 0 32.82 
13 -7 1969 6 -35 -1 32.85 
13 0 1964 6 -34 0 32.87 
1 -5 1979 6 -35 -1 32.84 
-2 -10 1971 5 -35 0 32.88 
-4 -7 1971 5 -35 -1 32.87 
-7 -9 1969 6 -36 -1 32.86 
-13 0 1975 5 -35 0 32.84 
-14 -9 1965 5 -35 0 32.83 
-11 -8 1964 5 -36 -1 32.85 
0 0 1967 6 -35 0 32.88 
-1 -4 1967 6 -35 0 32.86 
5 -4 1972 6 -35 1 32.85 
-6 -1 1971 5 -35 -1 32.85 
5 -2 1970 6 -35 -1 32.85 
-8 -4 1961 6 -35 0 32.85 
-20 -15 1960 6 -35 -1 32.88 
-10 -12 1970 5 -35 -1 32.85 
-5 -5 1965 6 -36 0 32.85 
-8 -6 1962 5 -35 -1 32.87 
-17 -5 1972 5 -36 0 32.84 
9 -2 1967 6 -35 -1 32.84 
-14 -11 1974 5 -35 0 32.87 
1 -2 1975 5 -35 0 32.87 
-15 -10 1968 4 -35 -2 32.84 
1 -7 1967 6 -35 0 32.87 
-13 -11 1970 6 -34 0 32.85 
-9 -5 1973 5 -35 0 32.84 
12 1 1980 6 -34 0 32.86 
10 7 1967 7 -35 0 32.87 
3 -3 1956 7 -35 0 32.85 
9 -1 1968 7 -34 0 32.84 
-10 0 1970 5 -35 -1 32.84 
-20 -9 1965 5 -35 -1 32.84 
-15 -5 1969 5 -36 0 32.85 
-17 -6 1976 6 -34 0 32.84 
-5 -9 1969 7 -35 0 32.85 
11 -6 1979 6 -35 -1 32.87 
-13 -7 1968 7 -35 -1 32.85 
-12 -4 1964 5 -35 0 32.86 
0 3 1960 6 -35 -1 32.83 
-5 2 1960 6 -35 0 32.85 
1 -4 1972 7 -36 -1 32.85 
-15 -6 1969 6 -35 -1 32.86 
4 -2 1967 7 -36 0 32.87 
15 0 1973 7 -36 1 32.83 
-1 -6 1967 5 -34 0 32.86 
-7 -13 1976 5 -34 0 32.84 
-6 -10 1971 7 -36 0 32.84 
6 -5 1974 6 -34 0 32.86 
-9 -8 1967 6 -35 1 32.85 
-12 -4 1965 7 -35 -1 32.86 
-9 -8 1964 5 -34 1 32.86 
2 -4 1970 6 -35 -1 32.85 
-3 -10 1967 7 -34 -1 32.86 
4 -3 1974 6 -34 -1 32.83 
-8 -8 1971 6 -35 0 32.85 
7 -1 1979 6 -35 0 32.86 
9 -7 1972 6 -34 -1 32.85 
-8 -6 1974 4 -35 -1 32.83 
-6 -6 1968 7 -35 -1 32.84 
-2 -1 1975 6 -34 0 32.85 
-3 -6 1963 6 -35 0 32.85 
-5 -5 1964 7 -35 0 32.83 
-3 6 1969 5 -35 -1 32.85 
0 0 1968 5 -35 0 32.85 
3 -1 1969 6 -36 0 32.87 
-17 -5 1971 7 -35 -2 32.86 
-8 -3 1967 7 -35 -1 32.86 
-3 -1 1977 5 -36 -1 32.84 
-6 -7 1964 6 -34 -1 32.87 
3 -4 1964 6 -34 -1 32.86 
-7 -6 1970 7 -34 0 32.84 
-16 -8 1971 5 -34 0 32.86 
-11 2 1964 5 -35 -1 32.87 
-2 -6 1970 5 -35 0 32.88 
-3 -7 1969 6 -36 0 32.86 
1 -13 1971 6 -35 0 32.86 
4 -8 1961 5 -34 -1 32.86 
11 -5 1971 7 -35 0 32.87 
-3 -8 1972 7 -35 -1 32.89 
2 -9 1972 6 -34 0 32.86 
-10 -6 1973 7 -34 0 32.87 
-12 -4 1965 5 -35 0 32.88 
12 -3 1978 6 -34 0 32.88 
2 -4 1970 6 -34 -1 32.88 
2 -2 1974 8 -35 -1 32.86 
-9 -7 1968 6 -36 0 32.85 
-10 -8 1967 6 -35 1 32.86 
2 -3 1965 6 -35 1 32.86 
-2 -11 1970 6 -35 0 32.86 
-3 -3 1970 5 -34 0 32.85 
4 2 1975 6 -34 0 32.86 
0 0 1970 5 -34 -1 32.88 
-4 -4 1974 6 -35 0 32.88 
7 -1 1969 5 -35 -1 32.87 
-4 -5 1965 7 -35 -1 32.85 
0 2 1969 6 -36 -1 32.84 
-3 -1 1967 6 -36 0 32.86 
-7 -1 1963 7 -34 -1 32.86 
0 -9 1961 8 -35 0 32.85 
-16 -10 1962 6 -34 0 32.87 
2 3 1968 7 -35 0 32.87 
6 -1 1967 6 -35 -1 32.87 
-16 -6 1968 6 -36 -1 32.87 
-10 -5 1969 6 -34 -1 32.85 
-7 -4 1968 6 -35 -1 32.87 
-10 -6 1970 6 -35 1 32.85 
-7 -2 1966 7 -35 0 32.87 
0 -8 1965 6 -36 0 32.86 
-7 -7 1969 7 -35 -1 32.87 
5 -6 1970 6 -35 0 32.88 
-10 -3 1968 6 -35 1 32.85 
8 4 1963 6 -36 -1 32.86 
-19 -16 1965 5 -35 -1 32.89 
-18 -15 1964 6 -35 0 32.88 
-1 -7 1964 7 -35 0 32.87 
1 -6 1970 5 -35 0 32.88 
-3 -2 1964 6 -35 -1 32.88 
-2 -4 1972 7 -35 -1 32.89 
-15 -10 1970 7 -35 0 32.87 
-8 -5 1967 6 -35 -1 32.89 
-2 2 1970 7 -34 -1 32.87 
9 2 1969 6 -35 -1 32.88 
2 -6 1976 7 -36 0 32.84 
-12 -10 1970 6 -33 -1 32.88 
1 3 1971 5 -35 0 32.85 
0 -9 1976 6 -36 0 32.82 
-27 -8 1975 7 -36 0 32.86 
6 -4 1977 6 -36 0 32.87 
1 -4 1966 7 -36 0 32.85 
0 -11 1970 5 -34 -1 32.87 
-13 -3 1967 6 -35 -1 32.88 
-9 -1 1975 6 -34 1 32.86 
-2 -6 1971 5 -34 0 32.85 
7 -8 1963 5 -35 -1 32.87 
17 4 1956 6 -34 -1 32.88 
5 -4 1976 5 -35 -1 32.87 
-7 -1 1976 7 -36 -1 32.88 
-18 -8 1964 6 -35 -2 32.88 
-13 -5 1969 7 -35 -1 32.86 
-14 -12 1969 6 -35 0 32.87 
13 -1 1963 5 -34 0 32.87 
-5 -4 1962 6 -36 -1 32.88 
-18 -12 1964 5 -35 -2 32.89 
0 -7 1965 5 -35 -2 32.86 
-15 -10 1961 5 -35 -1 32.85 
9 -7 1969 7 -36 0 32.88 
8 -6 1969 5 -35 0 32.88 
0 -4 1965 5 -34 1 32.88 
-15 -9 1971 6 -35 -1 32.88 
-8 -11 1970 7 -35 0 32.86 
-13 -6 1965 4 -35 0 32.87 
-14 -15 1970 4 -35 -1 32.89 
-10 -10 1958 5 -35 0 32.87 
-10 -4 1980 6 -35 0 32.85 
14 -3 1968 6 -34 0 32.87 
0 -5 1968 5 -35 -1 32.89 
-14 -9 1978 5 -35 -1 32.87 
-11 1 1973 5 -35 0 32.87 
11 2 1966 6 -36 1 32.88 
15 6 1970 6 -35 -1 32.89 
-13 -9 1969 6 -35 0 32.86 
12 -1 1969 6 -35 0 32.86 
-14 -12 1970 6 -34 0 32.88 
-1 -4 1970 5 -35 0 32.87 
-13 -13 1968 6 -36 0 32.85 
8 -8 1968 6 -36 -1 32.86 
-21 -13 1977 5 -35 -1 32.88 
8 -2 1968 5 -34 -1 32.85 
-4 -4 1965 7 -34 -1 32.88 
8 -2 1963 6 -36 -1 32.89 
3 -2 1972 6 -36 0 32.91 
15 3 1962 6 -37 0 32.88 
-10 -5 1967 6 -35 -2 32.89 
-20 -10 1965 7 -34 -1 32.86 
-1 0 1971 4 -38 -1 32.85 
7 -6 1970 7 -37 -1 32.88 
0 4 1965 7 -36 0 32.86 
-9 -1 1963 10 -30 -1 32.84 
17 0 1962 8 -38 -1 32.87 
1 -3 1976 7 -33 0 32.89 
5 -4 1970 7 -33 -2 32.87 
3 -2 1970 5 -35 -1 32.87 
-6 -11 1963 6 -34 -2 32.85 
-1 -6 1967 5 -35 -1 32.86 
0 -8 1974 6 -34 0 32.88 
-3 -1 1964 6 -35 -2 32.86 
6 -4 1966 6 -35 -1 32.85 
3 0 1969 5 -34 0 32.87 
-4 -6 1971 5 -34 0 32.87 
-15 -7 1960 6 -35 0 32.87 
-12 0 1973 6 -34 0 32.85 
-17 -12 1954 5 -35 -1 32.87 
-5 -4 1966 6 -35 0 32.86 
-5 -3 1958 7 -36 -1 32.88 
-9 -9 1961 9 -34 0 32.9 
-14 -10 1964 6 -35 -1 32.89 
-17 -9 1959 6 -35 -1 32.88 
-15 -8 1966 7 -35 -1 32.87 
-16 -13 1965 6 -35 -2 32.88 
-10 -8 1962 5 -35 -1 32.86 
-10 -5 1964 6 -34 -2 32.83 
-9 -6 1974 6 -34 -1 32.87 
-4 -11 1962 7 -34 -1 32.86 
-5 -8 1970 7 -35 0 32.87 
-9 -5 1975 6 -35 0 32.89 
-15 -12 1962 6 -35 0 32.89 
-20 -9 1966 6 -34 0 32.89 
-16 -9 1965 5 -36 1 32.87 
-10 -11 1972 6 -35 0 32.87 
-13 -8 1978 6 -34 -1 32.87 
-14 -9 1977 6 -36 0 32.88 
2 -8 1972 6 -35 0 32.88 
12 -7 1975 4 -36 -1 32.87 
5 -5 1977 6 -35 -2 32.86 
-1 -9 1965 6 -35 0 32.88 
-14 -7 1968 6 -35 1 32.87 
-19 -8 1966 6 -35 0 32.87 
-10 -12 1964 5 -36 1 32.89 
-15 -9 1966 6 -35 -1 32.89 
5 -2 1971 6 -35 -1 32.88 
-6 -9 1972 5 -35 -1 32.87 
-4 -6 1966 7 -34 -1 32.88 
-17 -12 1978 8 -35 -2 32.87 
15 -6 1974 5 -34 0 32.89 
2 -11 1969 6 -34 -1 32.88 
-16 -7 1968 6 -34 0 32.9 
5 -2 1974 6 -35 -1 32.88 
-9 -10 1963 5 -35 -2 32.89 
-4 -2 1971 4 -36 0 32.87 
-15 -1 1975 6 -34 -1 32.88 
-8 -6 1967 5 -34 -1 32.89 
-16 -10 1969 6 -35 0 32.89 
12 2 1970 7 -35 -1 32.85 
-1 -4 1970 7 -35 0 32.87 
8 3 1973 7 -34 -1 32.87 
-14 -3 1960 7 -35 -1 32.88 
4 -1 1961 6 -36 -1 32.89 
3 1 1967 5 -34 0 32.88 
1 -4 1974 6 -34 -1 32.86 